k: 50
seeds_list: {1664, 3456, 3714, 1667, 2693, 390, 2950, 1160, 394, 1548, 1677, 147, 1051, 541, 3614, 2207, 3361, 545, 816, 2225, 823, 1080, 1469, 2238, 830, 1727, 2115, 837, 3659, 972, 3660, 78, 975, 3024, 3539, 1620, 469, 1236, 1878, 475, 3680, 3043, 3044, 492, 2028, 1904, 2801, 2678, 2040, 3577}
spreadSum: 263.0967
Time：15.231685876846313
k: 50
seeds_list: {3969, 3714, 2, 2563, 2955, 2961, 2066, 2705, 3089, 1047, 1051, 2207, 1823, 2464, 1952, 3362, 2596, 2341, 4006, 4005, 2475, 2731, 3115, 3249, 3891, 3123, 3767, 314, 2874, 1596, 1469, 1594, 3653, 71, 1111, 1624, 1753, 3041, 226, 1253, 1639, 2411, 1902, 752, 2674, 2678, 1015, 3577, 378, 3196}
spreadSum: 263.8574
Time：42.332277059555054
