k: 10
seeds_list: {3714, 3653, 3196, 2674, 2678, 3577, 1051, 1596, 1469, 2207}
spreadSum: 132.9501
Time：65.83197045326233
k: 10
seeds_list: {3714, 3653, 3196, 2674, 2678, 3577, 1051, 1596, 1469, 2207}
spreadSum: 147.8255
Time：62.97886419296265
k: 10
seeds_list: {3714, 3653, 3196, 2674, 2678, 3577, 1051, 1596, 1469, 2207}
spreadSum: 161.2031
Time：37.58797526359558
k: 10
seeds_list: {3714, 3653, 3196, 2674, 2678, 3577, 1051, 1596, 1469, 2207}
spreadSum: 130.0383
Time：62.93292808532715
