k: 20
seeds_list: {3714, 2693, 1677, 147, 541, 2207, 3361, 816, 823, 1080, 1469, 2238, 78, 3539, 1620, 469, 3044, 1904, 2040, 3577}
spreadSum: 223.1262
Time：11.327964544296265
k: 20
seeds_list: {3714, 2, 2961, 1051, 2207, 1823, 2341, 3767, 314, 2874, 1596, 1469, 3653, 71, 1111, 1253, 2674, 2678, 3577, 3196}
spreadSum: 282.4207
Time：56.00532793998718
k: 20
seeds_list: {3714, 2, 2961, 1051, 2207, 1823, 2341, 3767, 314, 2874, 1596, 1469, 3653, 71, 1111, 1253, 2674, 2678, 3577, 3196}
spreadSum: 235.6426
Time：58.51932978630066
