k: 30
seeds_list: {3714, 2693, 390, 1160, 1677, 147, 541, 2207, 3361, 545, 816, 823, 1080, 1469, 2238, 2115, 837, 972, 3660, 78, 3024, 3539, 1620, 469, 1236, 3044, 492, 1904, 2040, 3577}
spreadSum: 239.141
Time：11.948918104171753
k: 30
seeds_list: {3969, 3714, 2, 2563, 2955, 2961, 1051, 2207, 1823, 2464, 1952, 3362, 2341, 4006, 3891, 3767, 314, 2874, 1596, 1469, 3653, 71, 1111, 1253, 2411, 752, 2674, 2678, 3577, 3196}
spreadSum: 236.1329
Time：65.80004596710205
