k: 40
seeds_list: {1664, 3456, 3714, 1667, 2693, 390, 2950, 1160, 394, 1548, 1677, 147, 1051, 541, 2207, 3361, 545, 816, 823, 1080, 1469, 2238, 830, 2115, 837, 972, 3660, 78, 3024, 3539, 1620, 469, 1236, 1878, 3044, 492, 2028, 1904, 2040, 3577}
spreadSum: 264.1532
Time：14.753061056137085
k: 40
seeds_list: {3969, 3714, 2, 2563, 2955, 2961, 2066, 2705, 1051, 2207, 1823, 2464, 1952, 3362, 2596, 2341, 4006, 4005, 2475, 3249, 3891, 3767, 314, 2874, 1596, 1469, 1594, 3653, 71, 1111, 3041, 226, 1253, 2411, 752, 2674, 2678, 3577, 378, 3196}
spreadSum: 293.8982
Time：39.61316990852356
