k: 20
seeds_list: [7089, 9574, 18494, 18946, 19075, 5894, 8729, 18617, 6179, 9804]
spreadSum: 11136.8151
Time：1494.1649191379547
k: 20
seeds_list: [5021, 6185, 7275, 10709, 15538, 1282, 17235, 19137, 8729, 11415, 6450, 17324, 8985, 19707]
spreadSum: 11138.9537
Time：1764.0808899402618
