k: 10
seeds_list: [3539, 2949, 3361, 586, 545, 1098, 145, 199, 469, 1596]
spreadSum: 212.6883
Time：168.10432028770447
k: 10
seeds_list: [199, 469, 1596, 2949, 3361, 3539, 78, 205, 545, 1098]
spreadSum: 193.6223
Time：167.78648853302002
k: 10
seeds_list: [199, 469, 3539, 78, 205, 2949, 3361, 586, 545, 1098]
spreadSum: 164.7937
Time：135.69776892662048
