k: 30
seeds_list: [17324, 3261, 11415, 19064, 7381, 7599, 469, 1856, 10709, 18946, 14383, 19683, 12597]
spreadSum: 11136.1524
Time：1388.6048517227173
k: 30
seeds_list: [8280, 6502, 8126, 6776, 6366, 9966, 18946, 17324, 18880, 18617, 8729, 11415, 19064, 6450, 19449]
spreadSum: 11136.5098
Time：1708.168777704239
