k: 10
seeds_list: [666, 4838, 8156, 175, 3197, 2802, 4373, 3525, 7372, 1931]
spreadSum: 9416.3841
Time：1917.5325057506561
k: 10
seeds_list: [175, 1931, 644, 4373, 4668, 8094, 4838, 2802, 3197, 666]
spreadSum: 9416.534
Time：1897.3889074325562
