k: 50
seeds_list: [199, 469, 3680, 1596, 71, 147, 314, 836, 1543, 1548, 2092, 2273, 3714, 225, 327, 806, 3539, 78, 205, 1677, 1904, 3024, 2801, 478, 1080, 1490, 2949, 3361, 586, 751, 1556, 2693, 3614, 1743, 1952, 3750, 793, 1822, 545, 1098, 145, 390, 1012, 1467, 2063, 2817, 119, 204, 263, 267]
spreadSum: 291.1657
Time：255.17644715309143


k: 50
seeds_list: [545, 1098, 390, 1012, 1467, 2817, 119, 145, 204, 199, 469, 1596, 3680, 71, 147, 314, 836, 1543, 1548, 2092, 2273, 3714, 225, 327, 806, 2949, 3361, 1556, 586, 751, 2693, 3614, 551, 793, 1743, 3750, 1822, 1952, 3539, 78, 205, 1677, 1904, 3024, 2801, 478, 1080, 1160, 1490]
spreadSum: 284.4187
Time：207.3845453262329
