k: 40
seeds_list: [15538, 19317, 5894, 18875, 3639, 8542, 9966, 8729, 11415, 6450, 19226, 18063, 19064]
spreadSum: 11140.4642
Time：1697.1239643096924
k: 40
seeds_list: [3261, 6945, 6217, 8126, 8926, 17324, 8729, 11415, 6450, 18946, 10709, 938, 12413, 16471, 19096, 15538, 18880, 18617]
spreadSum: 11135.763
Time：1507.751526594162
