k: 20
seeds_list: [2, 0, 1, 90, 342, 335, 171, 453, 491, 379, 405, 483, 325, 404, 377, 484, 235, 23, 519, 3]
spreadSum: 9522.312
Time：46.056533098220825
k: 20
seeds_list: [1, 0, 80, 4, 341, 270, 406, 412, 456, 413, 475, 481, 258, 407, 380, 378, 336, 326, 235, 23]
spreadSum: 9589.0316
Time：51.6670880317688
