k: 40
seeds_list: [0, 2, 1, 12, 330, 342, 454, 392, 482, 174, 379, 377, 410, 470, 24, 93, 405, 336, 473, 325, 236, 337, 487, 486, 492, 522, 3, 4, 5, 6, 7, 8, 9, 10, 11, 13, 14, 15, 16, 17]
spreadSum: 9406.3314
Time：74.96129155158997
k: 40
seeds_list: [0, 1, 18, 164, 342, 344, 337, 473, 407, 381, 338, 457, 412, 406, 379, 417, 235, 413, 486, 327, 520, 2, 3, 4, 5, 6, 7, 8, 9, 10, 11, 12, 13, 14, 15, 16, 17, 19, 20, 21]
spreadSum: 9479.1841
Time：112.65519857406616
