k: 30
seeds_list: [0, 81, 89, 339, 333, 410, 404, 405, 374, 453, 323, 482, 233, 516, 1, 2, 3, 4, 5, 6, 7, 8, 9, 10, 11, 12, 13, 14, 15, 16]
spreadSum: 9254.9684
Time：37.08186197280884
k: 30
seeds_list: [41, 0, 1, 2, 92, 363, 342, 344, 462, 487, 369, 411, 417, 377, 382, 465, 327, 237, 338, 431, 491, 526, 3, 4, 5, 6, 7, 8, 9, 10]
spreadSum: 9513.0219
Time：78.10875535011292
