k: 10
seeds_list: [1, 0, 67, 2, 141, 326, 344, 342, 337, 381]
spreadSum: 9665.6282
Time：54.10674738883972
k: 10
seeds_list: [0, 4, 1, 343, 187, 425, 405, 455, 162, 258]
spreadSum: 9510.1446
Time：62.366920948028564
