k: 20
seeds_list: [3539, 78, 205, 2949, 3361, 586, 751, 1556, 2693, 545, 1098, 145, 390, 1012, 1467, 199, 469, 1596, 3680, 71]
spreadSum: 248.5257
Time：159.1381130218506
k: 20
seeds_list: [545, 1098, 145, 390, 3539, 78, 205, 1677, 2949, 3361, 586, 751, 199, 469, 1596, 3680, 71, 147, 2092, 314]
spreadSum: 222.9433
Time：202.788480758667
k: 20
seeds_list: [2949, 3361, 586, 751, 1556, 545, 1098, 390, 1012, 1467, 2817, 119, 199, 469, 1596, 3680, 3539, 78, 205, 1677, 1904]
spreadSum: 225.8616
Time：233.81723046302795
