k: 50
seeds_list: [1931, 4373, 4671, 5680, 9422, 5385, 8233, 666, 5240, 1345, 2084, 8156, 644, 3560, 2240, 232, 2802, 448, 4651, 3338, 2785, 4838, 7372, 3607, 3525, 5704, 4930, 8094, 1225, 3113, 9918, 5783, 5442, 445, 3406, 9187, 2520, 5624, 9525, 6958, 175, 7097, 8858, 3197, 8269, 3499, 4558, 4996, 3121, 6727]
spreadSum: 9489.5432
Time：1747.268336057663
k: 50
seeds_list: [1931, 4671, 5704, 9422, 8233, 5385, 3257, 2520, 9187, 5624, 6958, 9525, 3197, 8269, 3499, 4558, 8094, 1225, 3261, 8156, 4668, 3525, 5680, 2802, 232, 3338, 2785, 175, 8858, 7097, 7805, 4983, 3560, 4838, 644, 4996, 7372, 3607, 666, 5240, 1345, 2084, 791, 2442, 586, 4373, 445, 8867, 3406, 2240]
spreadSum: 9453.1144
Time：3074.124852180481
k: 50
seeds_list: [4373, 445, 8867, 4668, 9357, 268, 2621, 6727, 3829, 4996, 3197, 8269, 3322, 2998, 8301, 3499, 8094, 1225, 3560, 3261, 3113, 2520, 9187, 5624, 6958, 9525, 5680, 4406, 175, 7097, 8858, 4983, 7805, 2802, 232, 3338, 2785, 4651, 4838, 1931, 3525, 3607, 5704, 666, 5240, 1345, 8156, 644, 7372]
spreadSum: 9430.746
Time：2941.572804927826
