k: 40
seeds_list: [1931, 3525, 4671, 9422, 8094, 1225, 3113, 666, 5240, 1345, 2084, 791, 2802, 232, 3338, 3197, 4996, 8269, 4373, 445, 8867, 3406, 7372, 644, 4707, 175, 7097, 8858, 4983, 7805, 4838, 2520, 5624, 8156, 3560, 3261, 6872, 3829, 268]
spreadSum: 9453.6968
Time：1191.4144995212555
k: 40
seeds_list: [4838, 445, 4996, 2520, 232, 666, 3406, 4651, 4668, 9525, 2240, 175, 8858, 7097, 7805, 4983, 7372, 644, 738, 3560, 4707, 448, 7988, 393, 4373, 8156, 1225, 3197, 9918, 8269, 3525, 6872, 1931, 2998, 8233, 8094, 3857, 8475, 6140, 6949]
spreadSum: 9410.7019
Time：1328.0516583919525
k: 40
seeds_list: [4373, 445, 4996, 1225, 644, 2520, 232, 9918, 666, 3406, 2240, 4651, 9525, 9187, 8156, 3197, 8269, 4668, 3525, 6872, 9357, 4838, 175, 4983, 8858, 7097, 7805, 7372, 738, 3560, 448, 4707, 7988, 393, 3261, 1008, 5704, 8524, 3322, 5680]
spreadSum: 9418.3469
Time：1379.8750941753387
k: 40
seeds_list: [4838, 445, 4996, 2520, 232, 666, 3406, 4651, 4668, 9525, 2240, 4373, 8156, 1225, 3197, 9918, 8269, 3525, 6872, 1931, 2998, 8233, 8094, 3857, 175, 8858, 7097, 7805, 4983, 7372, 644, 738, 3560, 4707, 448, 7988, 393, 3261, 1008, 5704]
spreadSum: 9426.2547
Time：1376.1583371162415
