k: 30
seeds_list: [545, 1098, 145, 390, 1012, 1467, 2063, 2949, 3361, 586, 751, 1556, 2693, 3614, 793, 1743, 1822, 3539, 78, 205, 1677, 1904, 199, 469, 3680, 1596, 71, 147, 2092, 314]
spreadSum: 280.5364
Time：166.84166407585144
k: 30
seeds_list: [545, 1098, 390, 1012, 1467, 2817, 119, 2949, 3361, 586, 751, 1556, 2693, 3614, 1743, 1822, 1952, 3539, 78, 205, 3024, 1677, 199, 469, 3680, 1596, 71, 147, 314, 836]
spreadSum: 241.7012
Time：255.70622897148132
