k: 10
seeds_list: [2949, 3361, 545, 1098, 469, 199, 3680, 3539, 78, 205]
spreadSum: 194.924
Time：154.23048782348633
k: 10
seeds_list: [2949, 3361, 3539, 78, 205, 199, 469, 1596, 545, 1098]
spreadSum: 161.8925
Time：129.6105260848999
k: 10
seeds_list: [3539, 78, 199, 469, 545, 1098, 2949, 3361, 586, 751]
spreadSum: 160.2602
Time：85.44473457336426
