0 8 0.29756985032180777
0 20 0.2822162605150792
0 51 0.28467935346471396
0 153 0.2866330114065753
0 186 0.272213177505359
0 195 0.31097676745241326
0 366 0.3418817293789138
0 379 0.27062123910372754
0 549 0.24946422724929623
0 552 0.25467246972209506
0 705 0.21424181429045097
0 712 0.23828120532469751
0 766 0.18528169649638837
0 975 0.19284730395996755
0 1051 0.3220830805757138
0 2781 0.2748599094388713
0 2801 0.34310427837457674
1 5 0.2795809426436849
1 144 0.3510933835100429
1 187 0.3077311533648828
1 591 0.3737169253758735
1 709 0.3570318633013438
1 816 0.3305084745762712
1 955 0.3107182093491004
2 101 0.2795745670376312
2 121 0.28723404255319146
2 182 0.34541656342932614
2 464 0.28267549832315825
2 674 0.274874685708464
2 821 0.3081960454509612
2 866 0.2688327460120877
3 371 0.29475045047344484
4 182 0.28128433856309726
4 457 0.2907430822714149
4 592 0.2302588669360009
5 1 0.2795809426436849
5 144 0.28956910639721073
5 187 0.3040987671654038
5 536 0.2719367202713395
5 591 0.34366905568951606
5 709 0.2988950238697822
5 816 0.23964080798030132
5 955 0.26847241677752454
5 2889 0.2656844656620286
6 160 0.2948021794685365
6 268 0.3497303457682466
6 2977 0.21209889649208077
7 135 0.2870302486435248
8 0 0.29756985032180777
8 20 0.31818729095944087
8 51 0.19839002137983247
8 153 0.34401648061622603
8 186 0.2983002696067465
8 195 0.22660624638925933
8 246 0.2616340592361418
8 366 0.2735506022160966
8 379 0.2706659809803834
8 443 0.35477718584346285
8 549 0.3233590907165799
8 552 0.20913407192853076
8 705 0.25713268193136424
8 712 0.22381412908589723
8 766 0.28414557138675545
8 961 0.31962836777861897
8 975 0.33432392491786583
8 2781 0.3412618163949676
8 2801 0.3294345637345082
9 129 0.3286904062755256
9 403 0.27066394098188334
9 518 0.274840212317231
9 674 0.2267198031908075
9 821 0.3119771995366129
9 2581 0.2464704111073008
9 2619 0.23477886162537542
9 2763 0.28068853138861977
9 2786 0.2636554061033628
10 285 0.25806238490561006
10 777 0.2899380085450768
11 42 0.4314574640661585
11 74 0.48771311000413237
11 93 0.30879033974997094
11 114 0.4020832231856322
11 173 0.383325938999964
11 257 0.4844521416518049
11 331 0.44621074825316015
11 398 0.3611031999862013
11 412 0.37267799624996495
11 432 0.37843781630429824
11 490 0.2891050800412609
11 528 0.3746070179287066
11 529 0.3458133298961991
11 615 0.48980536649995393
11 989 0.2719918966379967
11 990 0.3164021403151829
12 146 0.2818322718026263
12 218 0.31192514694602175
12 787 0.36046862545529523
12 850 0.3819565273011205
14 431 0.28573153847150773
14 621 0.32632755862204493
14 848 0.3286335345030997
14 983 0.24525194158555635
14 987 0.24053511772118197
14 1036 0.2970442628930023
14 1037 0.3353521420686487
15 487 0.314511015406175
15 508 0.27959522347617116
15 542 0.3976534641258172
15 556 0.2815595006133036
16 119 0.3072682754588379
17 48 0.30264433766401694
17 132 0.3918399986808053
17 356 0.33627562815792594
17 366 0.27857265684863747
17 407 0.2601712001949749
17 626 0.3021285639434339
17 722 0.34373090903069653
17 817 0.30633473241795967
17 2529 0.23551334397531512
18 267 0.41153893794283325
18 383 0.2602990508746956
18 726 0.29885057471264365
18 979 0.30512857662936466
18 1011 0.31157637660636084
20 0 0.2822162605150792
20 8 0.31818729095944087
20 51 0.24707061051687457
20 153 0.3422374856972065
20 186 0.22044856570523186
20 195 0.22985469156961003
20 268 0.22995399004932376
20 366 0.28945374961123604
20 379 0.28003695175797405
20 549 0.34074984891744864
20 552 0.24966310505437997
20 705 0.2567005391114762
20 712 0.22513069414207246
20 766 0.2556375923547139
20 975 0.2882490456030204
20 2781 0.3334615631258562
20 2801 0.29417756613963525
21 139 0.32602223014090775
21 636 0.32304470440417193
21 775 0.29336578988455414
21 805 0.33137576575704203
21 812 0.2967160708936375
21 921 0.25901521064864
21 1006 0.34697836344348004
21 1013 0.33847718414857203
22 298 0.31022669373179257
22 421 0.2734817064582437
22 1029 0.26490647141300877
23 311 0.3939758746966985
23 703 0.34356234910027356
23 911 0.4000000000000001
23 947 0.2945809233653514
23 982 0.3912927904356148
24 26 0.22150894772424326
24 255 0.27225504038960213
24 387 0.2652073306484289
24 465 0.28571828504639746
24 744 0.23661386084507793
25 31 0.2666447215021094
25 43 0.2521493166062366
25 67 0.2679818888048225
25 76 0.3253968253968254
25 85 0.2666666666666666
25 131 0.23605330938252608
25 141 0.3267826507127243
25 142 0.3326752779585483
25 159 0.25643641938735734
25 161 0.3253968253968254
25 172 0.31542003094028026
25 214 0.24161633517249037
25 220 0.18677727156017526
25 234 0.28923864802805804
25 248 0.27498156543511615
25 275 0.3235077240413131
25 292 0.2666666666666666
25 314 0.20949587860193328
25 355 0.24759378423606912
25 391 0.27892029712212274
25 413 0.20203050891044216
25 436 0.2467035527298142
25 452 0.24209101306752098
25 459 0.308100704010913
25 505 0.22885767968994689
25 517 0.24939187455541983
25 522 0.3095636222205494
25 544 0.2984188387811963
25 570 0.1779292482227222
25 576 0.29692299558323615
25 578 0.26041869439294285
25 590 0.21942519068130725
25 607 0.23344490545796664
25 640 0.3232667242666531
25 641 0.20161437971701215
25 684 0.25386380475389675
25 736 0.33497736100602815
25 737 0.27216552697590873
25 739 0.2862098876231264
25 764 0.2846047114810013
25 776 0.19716158838352976
25 803 0.27820828317722723
25 826 0.20222173518033235
25 827 0.25197631533948484
25 832 0.27897377769728676
25 834 0.2681863441660422
25 890 0.25197631533948484
25 905 0.2582795307016276
25 925 0.2948395281507943
25 942 0.2977456670877068
25 966 0.29725231551873654
25 968 0.2781141391997897
25 1005 0.22728432252424743
25 1009 0.3227486121839514
25 1024 0.23210354127426377
25 1041 0.21343007795167876
25 2063 0.2304454664621266
25 2133 0.21650635094610968
25 2239 0.2901442287369986
25 2274 0.1985851562448331
25 2344 0.26097546945875216
25 2370 0.18662778992633738
25 2386 0.2679818888048225
25 2522 0.24505429367721024
25 2553 0.2955963008758039
25 2591 0.2284774242785071
25 2613 0.21343007795167876
25 2629 0.3103743533048149
25 2630 0.24412019826678427
25 2662 0.26232593157902667
25 2736 0.25388692426623954
25 2780 0.2984188387811963
25 2841 0.23830218749379975
25 2874 0.24408061227723724
25 2890 0.24412019826678427
25 2893 0.27907278609297376
25 2924 0.24159837847556298
25 3021 0.2978162611900487
26 24 0.22150894772424326
26 143 0.33659562807192867
26 232 0.2437500527506231
26 387 0.35955060470141537
26 744 0.2529513840525094
27 563 0.26687249808205815
28 52 0.28985510865945424
28 58 0.2467277213235375
28 66 0.2825715119482706
28 76 0.30276503540974914
28 134 0.26696952498876586
28 165 0.26436888828095695
28 168 0.22438727760202973
28 198 0.2513674098920198
28 207 0.22019275302527214
28 279 0.27397545898633385
28 287 0.2678998598884099
28 314 0.2785067008254776
28 319 0.28575985054763725
28 320 0.2825085803881294
28 384 0.30815657433892335
28 408 0.2173142926062534
28 411 0.26077715112750405
28 422 0.23115869750961876
28 440 0.3537064108950036
28 483 0.2808747068080343
28 488 0.22247460415730488
28 513 0.27149599207000036
28 625 0.2796920712108996
28 670 0.2185094306335153
28 698 0.2347262634065101
28 722 0.26244612566766706
28 892 0.2681823057864538
28 909 0.2464625765768356
28 957 0.36462932610329835
28 961 0.29857422480515006
28 965 0.2716428657578167
28 1020 0.2549268816498468
28 1030 0.2952980815003698
28 2043 0.23988008992506557
28 2093 0.22386075217339094
28 2247 0.3167453240816671
28 2364 0.2498750936719433
28 2385 0.26067138062989514
28 2489 0.20213366465314053
28 2669 0.24709986774669504
28 2779 0.1910232943645853
28 2962 0.2351104144886928
28 2971 0.20925553466486563
28 3020 0.23600042909207936
29 547 0.3452897873639244
30 193 0.24632689664550877
30 956 0.34644551490076486
30 2575 0.3566372614788674
30 2871 0.24573659359149527
30 2931 0.31511100761641775
31 25 0.2666447215021094
31 43 0.3253807339128336
31 141 0.3558007146383131
31 142 0.35398440741642145
31 161 0.31972677254188114
31 172 0.2729821070495845
31 220 0.27453999423895337
31 234 0.24082334178648612
31 355 0.3080913530019734
31 391 0.412704502112039
31 413 0.2566324512873683
31 436 0.2871355228992719
31 452 0.33889952647715144
31 459 0.43867823207813833
31 517 0.3563932224836186
31 578 0.33867718147318454
31 590 0.3273951708109657
31 607 0.2824162720642929
31 640 0.3241852677895006
31 641 0.3192983147142665
31 736 0.28266040970835454
31 737 0.25400025400038106
31 739 0.2932942300427066
31 764 0.2517753913946476
31 826 0.37334679577039825
31 827 0.303746448146978
31 832 0.24495681302175645
31 834 0.2920010982908613
31 925 0.32102106580895934
31 966 0.27605279711011094
31 968 0.3028104743703011
31 1005 0.329956008798045
31 1009 0.3012072483384371
31 1024 0.24368866248324708
31 1041 0.2930040407661087
31 2063 0.26231380592404185
31 2133 0.30308394717018267
31 2370 0.2032002032003048
31 2522 0.33351867298253507
31 2553 0.29344694769431684
31 2591 0.24876605492890236
31 2629 0.30038699754960174
31 2662 0.23033893974898367
31 2780 0.2888161925727373
31 2874 0.31265269974036125
31 2890 0.3116251194203758
31 2893 0.3125357983716307
31 2924 0.23759548165574573
31 3021 0.2716790823923031
32 144 0.35373391314299596
32 187 0.37719828626980945
32 280 0.3835216632603559
32 293 0.48045442492702684
32 395 0.41266110514041454
32 603 0.29375522945381016
32 664 0.35100037262219336
32 733 0.38265651704974357
32 816 0.3317744287423618
32 894 0.26816060926159635
32 917 0.3000528139432901
32 933 0.2896465623585793
32 955 0.3219995132466456
32 1035 0.3620582029482241
32 3023 0.2778353297384935
33 71 0.30630630630630634
33 95 0.33531643627641106
33 299 0.29849638038021353
33 424 0.40028351647329535
33 621 0.4018017302988865
33 646 0.23495161434775041
33 720 0.3118926936195078
33 848 0.3132221385983247
33 983 0.2927787265992626
33 987 0.2500965064695278
33 990 0.2792792792792793
33 1036 0.40150749319361406
33 2488 0.27149599207000036
34 80 0.3315060653691073
34 265 0.30497869031882685
34 295 0.3187883565316691
34 450 0.3139534342278564
35 834 0.2876374999255913
35 874 0.3294643440802816
35 942 0.3441059148954722
35 1018 0.3576814672079167
35 1024 0.27243433250017035
35 1025 0.23312620206007845
36 89 0.27168776991069793
36 140 0.2908996343772627
36 271 0.27848101265822783
36 351 0.2750214868930281
36 354 0.29818841728225576
36 414 0.2877353860961588
36 495 0.2537450744433955
36 506 0.2911392405063291
36 509 0.2948531466300107
36 723 0.25001953353911643
36 798 0.2547748317544259
36 922 0.28412760149133215
37 727 0.350982059081517
37 864 0.3228962894335844
37 877 0.3166318911223305
37 997 0.3108586268644902
37 2334 0.23027342864276681
37 2659 0.30434782608695654
38 46 0.2703102529506448
38 162 0.2993330436198283
38 293 0.34783279649996734
38 404 0.3266372899592439
38 603 0.2993820796734995
38 3023 0.2954684201426394
39 210 0.3373005262694457
39 2296 0.2706069630676317
39 2350 0.2602236227658168
39 2520 0.20158105227158785
39 2528 0.20457927209624285
39 2765 0.21562217300853245
39 2773 0.181883209317138
39 2774 0.24247669279757303
39 2831 0.222717701593687
39 2889 0.23385358667337136
39 2894 0.23236447844635066
40 189 0.2564945880212885
40 563 0.42055509159599935
40 692 0.3039752394286234
41 163 0.2701016268757443
41 274 0.22234086277947127
41 340 0.3088509588212219
41 750 0.20905974736043234
41 765 0.25781778416711615
41 841 0.25971310276513876
41 1020 0.3061984230665594
42 11 0.4314574640661585
42 74 0.3927979283838444
42 75 0.297910914662819
42 93 0.28014010508757664
42 114 0.271244490402245
42 115 0.2936274138762847
42 166 0.22863936706240465
42 173 0.2701351013344489
42 174 0.30839165794982776
42 257 0.35624362199745563
42 331 0.33541429106269177
42 398 0.31251245689913393
42 412 0.3201601201000876
42 432 0.29335941088446577
42 438 0.26486503510307563
42 490 0.3018316389866204
42 528 0.30567350790720066
42 529 0.37734107744552825
42 582 0.26519500920839006
42 615 0.40020015012510946
42 989 0.29963216550801225
42 990 0.31531531531531537
43 25 0.2521493166062366
43 31 0.3253807339128336
43 97 0.3853920145903176
43 122 0.34489594334627494
43 161 0.37044158859434756
43 172 0.3330866937632456
43 179 0.4198959112834707
43 214 0.32025630761017426
43 220 0.3589743589743589
43 222 0.3500332984493189
43 234 0.2452494638302021
43 326 0.45550037629149515
43 341 0.4031276111173782
43 355 0.3277606683281533
43 391 0.32399687250809384
43 413 0.2542375899365633
43 436 0.2919636474169073
43 452 0.3086066999241838
43 491 0.3423393193711671
43 496 0.3791925398112689
43 517 0.4065624678853672
43 524 0.3376055182142398
43 550 0.3291402943021916
43 578 0.31778324891958293
43 590 0.3012297424386393
43 607 0.3442151653000512
43 640 0.33867783100361243
43 641 0.28935968650361893
43 727 0.38118124993124375
43 736 0.2874132861218958
43 737 0.28022426915890253
43 739 0.26579384402458894
43 764 0.2686124597780274
43 803 0.3222516933177447
43 826 0.3500332984493189
43 827 0.3088538819421255
43 832 0.29649972666444047
43 834 0.2900730853112823
43 864 0.35067892508963844
43 877 0.3807193318615329
43 925 0.35150168948773164
43 968 0.28132535107896195
43 977 0.32966074609121543
43 985 0.3333994119013991
43 992 0.2973505167250262
43 995 0.3190962550771133
43 997 0.36261333437825755
43 1005 0.2773500981126145
43 1009 0.2911625680365541
43 1024 0.2958751215328648
43 1041 0.3057386859869969
43 2063 0.215698990703644
43 2133 0.2830692585361489
43 2370 0.17614096918559582
43 2522 0.3048749218101055
43 2553 0.2745107017151159
43 2591 0.27880601414292916
43 2629 0.29352586310456263
43 2662 0.19748759335124147
43 2690 0.299778024386921
43 2716 0.2767811742353462
43 2733 0.32527368316675065
43 2741 0.3145213983734988
43 2742 0.3777537317199085
43 2780 0.2958751215328648
43 2874 0.29565619799454124
43 2890 0.2195688276724865
43 2893 0.35027632787711466
43 2924 0.2781743201320933
43 2965 0.3580574370197164
43 3021 0.3314967720658979
44 84 0.35296560400125876
44 399 0.3314443158946595
44 470 0.25162995597942267
44 770 0.2783971269921088
44 771 0.32756920994133026
44 865 0.26635680195171657
45 580 0.29492753096432023
46 38 0.2703102529506448
46 162 0.3914516041997284
46 293 0.2747418639149113
46 404 0.34452952396764996
46 603 0.3130032180229999
46 2538 0.25065132546332514
46 2539 0.22277981271848007
46 3020 0.26978660108793817
46 3023 0.21386180543479086
47 152 0.2301504034564
47 254 0.3658558793781022
47 320 0.23081652710618467
47 402 0.39936153191543583
47 868 0.2820380374088831
47 923 0.17188791273808215
48 17 0.30264433766401694
48 132 0.4472558712097938
48 356 0.35430768338272617
48 366 0.23348501491459958
48 407 0.30019373589361825
48 417 0.33328232983929545
48 626 0.30844354543224933
48 722 0.337756118337691
48 817 0.2606146914268734
49 128 0.35116921958065067
49 174 0.28466774114436966
49 369 0.31950580988313626
49 782 0.34290753297255405
49 2219 0.26744186046511625
49 2291 0.25857390648764056
49 2345 0.31446567414926524
49 2412 0.20991342856239587
49 2465 0.39828272742732934
49 2519 0.21790048222764163
49 3010 0.2772896227479869
50 286 0.35680367339955255
50 547 0.2562495743457322
51 0 0.28467935346471396
51 8 0.19839002137983247
51 20 0.24707061051687457
51 132 0.291463640257526
51 153 0.22049818089751133
51 186 0.22356812148959282
51 195 0.2838424826910183
51 366 0.21872337594974606
51 379 0.28817620634373814
51 407 0.22678594107176878
51 549 0.29937234562958553
51 552 0.25319607421216217
51 599 0.21585231477651132
51 705 0.17541160386140583
51 712 0.19569986269187806
51 766 0.2058790548922549
51 965 0.27628215909441606
51 975 0.2023809523809524
51 2781 0.25275763912268084
51 2801 0.26142612057017944
52 28 0.28985510865945424
52 58 0.22408839143880815
52 66 0.28766052340298687
52 76 0.2925266407899212
52 134 0.2935197542821371
52 165 0.29066048318186716
52 168 0.25698196337733115
52 198 0.2858958645605232
52 207 0.24209101306752098
52 279 0.30122243130330484
52 287 0.2749064372795948
52 314 0.27957784553172094
52 319 0.2945426113709944
52 320 0.27476523185947266
52 384 0.2513698732680852
52 408 0.33449680400283627
52 411 0.2508726030021272
52 422 0.29834709485930816
52 440 0.3202563076101743
52 483 0.29915756803430477
52 488 0.31448545101657555
52 513 0.2288472249581637
52 625 0.25945950625572056
52 698 0.2709733813985673
52 722 0.20894746626614946
52 892 0.34202965009081243
52 909 0.2193594039893164
52 957 0.27754052044751765
52 961 0.31767827856904335
52 965 0.2508726030021272
52 1030 0.276566990390232
52 2043 0.2857142857142857
52 2093 0.25784397701617245
52 2247 0.338295897764242
52 2364 0.3626373626373626
52 2385 0.2865952568709553
52 2489 0.22223594091360932
52 2669 0.3350646634401174
52 2727 0.3050957017085529
52 2779 0.29649972666444047
52 2789 0.3026137663344012
52 2962 0.2809698283824899
52 2971 0.2571326819313642
52 3020 0.28305902076481027
53 241 0.3128931093873719
53 309 0.3800032533116954
53 353 0.26311740579210874
54 266 0.5454623447374017
54 350 0.33394720739540396
54 1042 0.336210699426122
55 161 0.38018781261549783
55 201 0.3900360340793146
55 211 0.30801373712748586
55 220 0.266289158702827
55 294 0.41192310739076354
55 324 0.3652726351998845
55 452 0.36487306610832815
55 575 0.4155550027331878
55 590 0.3429603312534439
55 598 0.28739497247949497
55 724 0.4127735301951331
55 785 0.37641210606336417
55 1045 0.46823140739455127
56 178 0.31085295706374616
56 251 0.2663278888548321
56 415 0.3243745600673012
56 504 0.2030905986149808
56 642 0.25979436665882194
56 954 0.40779543587027756
56 1049 0.24024999005214906
57 208 0.3333514192959269
57 215 0.18513509485553595
58 28 0.2467277213235375
58 52 0.22408839143880815
58 66 0.32108554625809754
58 76 0.3247849012308155
58 134 0.236268459194465
58 165 0.291829671147444
58 168 0.2868422580664471
58 198 0.34775444210440737
58 207 0.1948709407384893
58 279 0.21552775293824725
58 287 0.26343534119738615
58 314 0.3429271351295587
58 319 0.26343534119738615
58 320 0.2692528980903168
58 384 0.43400453218494406
58 408 0.30771759781750485
58 411 0.2564313315145874
58 422 0.28462722678592806
58 440 0.27006573887713
58 483 0.23821729383431028
58 488 0.3000234402469397
58 513 0.24561382073031612
58 552 0.2985932897257321
58 625 0.27846892470694806
58 698 0.2215819955324673
58 722 0.39511788552268245
58 892 0.24050632911392406
58 909 0.2354308702532465
58 957 0.2758098635254299
58 961 0.2500322893123723
58 965 0.32053916439323427
58 1030 0.25811286645983367
58 2043 0.21229426557360773
58 2093 0.2389984375776481
58 2247 0.25629268250119946
58 2364 0.247676643169209
58 2385 0.23069459130255
58 2489 0.20274043426640648
58 2669 0.24298197840340038
58 2779 0.18563003297433703
58 2962 0.2653685851029693
58 2971 0.1888226904765912
58 3020 0.22784810126582278
59 2660 0.27184466019417475
60 185 0.25860327353409435
60 207 0.21664456120656048
60 279 0.2464554159798521
60 297 0.3324479842709234
60 361 0.2453326064229838
60 461 0.30512857662936466
60 527 0.30123761656438897
60 585 0.28803379794855527
60 668 0.3314339826398084
60 854 0.26297735287017654
60 962 0.29543947393437575
61 183 0.2572294077449923
61 238 0.2650460060402316
61 960 0.29860241976257096
62 523 0.32968283283670624
63 148 0.29273956149620467
63 205 0.18869790625738755
63 577 0.2674982106971886
63 632 0.27933396798082955
63 811 0.2935001228234467
63 830 0.22599230735278436
63 894 0.21229381566543046
63 907 0.25146552417987295
63 984 0.25557133205065075
65 304 0.37176119782245726
65 545 0.29083429059274385
65 564 0.38368091016893463
66 28 0.2825715119482706
66 52 0.28766052340298687
66 58 0.32108554625809754
66 76 0.3063000544201643
66 134 0.2853870759731949
66 165 0.3239812578247185
66 168 0.25831850934577055
66 198 0.24946422724929623
66 207 0.15843106263111947
66 279 0.19975667745235012
66 287 0.2570091213127705
66 314 0.27880149917545205
66 319 0.28785021587030296
66 320 0.2251583701756323
66 384 0.3890863160546979
66 408 0.2251583701756323
66 411 0.2251583701756323
66 422 0.24297354707521815
66 440 0.3592878785739777
66 483 0.27282471758703386
66 488 0.24392057775486742
66 513 0.2187856125358485
66 625 0.3219863429118815
66 698 0.2567098819491079
66 722 0.291714150047798
66 892 0.30873610217124764
66 909 0.2161767426939856
66 957 0.2475552381230301
66 961 0.3104602102825331
66 965 0.30021116023417643
66 1030 0.20145318606635157
66 1126 0.30733992797113296
66 1152 0.3265856882879999
66 1200 0.25837731834126115
66 1403 0.20862429481137176
66 1888 0.2805086644180975
66 2043 0.25314126059462844
66 2093 0.22089631215321717
66 2247 0.27087742504438383
66 2364 0.31067336527522577
66 2385 0.2438226337710941
66 2489 0.24433475406803126
66 2669 0.21809032046351282
66 2779 0.23284515771189987
66 2962 0.24712724192549745
66 2971 0.1983870704427975
66 3020 0.22228999356329832
67 25 0.2679818888048225
67 172 0.31860122517341083
67 570 0.3584263783200872
67 736 0.3195876288659794
67 737 0.26325132482650404
67 832 0.2548017027168635
67 1009 0.3178536264305499
67 2638 0.3009115452130064
67 2780 0.2857291616305593
68 241 0.28330563048072355
68 250 0.2304468210157468
68 309 0.3203408235664684
68 427 0.24878316239862758
68 539 0.3408354447227089
68 820 0.2440739069873551
68 2559 0.22031776875589135
69 131 0.23572039901268038
69 216 0.3208606559147627
69 330 0.36815194985072136
69 451 0.32594055994239807
69 462 0.32273336625880605
69 606 0.32135120416342206
69 627 0.342762160205844
69 680 0.24862636323035153
69 825 0.31534410991976014
69 853 0.2758686295341227
69 902 0.33443980033862397
69 974 0.29727823399278225
69 1000 0.3822547860539973
69 2560 0.37623464940848433
69 2775 0.3575666109671579
69 2928 0.34737743012395006
69 2976 0.30261837229274785
70 260 0.2782294642143344
70 261 0.2526124011407279
70 449 0.28725545875949365
70 616 0.27500954910846337
70 753 0.253859877375053
70 2569 0.30048115508062645
70 2786 0.2834733547569204
71 33 0.30630630630630634
71 95 0.3136831178069652
71 299 0.30844625972622064
71 424 0.31859300290731674
71 621 0.3214413842391092
71 646 0.2725438726433905
71 720 0.27164847508795836
71 848 0.2657642388106997
71 983 0.2927787265992626
71 987 0.29641067433425516
71 990 0.2792792792792793
71 1036 0.25737659820103465
71 1371 0.2722705899124511
71 1889 0.29495980573848873
71 2006 0.3482989403465118
71 2488 0.27149599207000036
73 219 0.2833726933853859
73 312 0.27436474271334854
73 445 0.301739387982035
73 588 0.33559660284066434
73 863 0.32525735922001203
73 2696 0.26095179360878484
73 2783 0.256073759865792
73 2930 0.2918231329049255
74 11 0.48771311000413237
74 42 0.3927979283838444
74 93 0.25965706368739827
74 114 0.36203309401910844
74 173 0.3842924542573494
74 257 0.34927410705250367
74 331 0.38083995555868455
74 398 0.31515273682748896
74 412 0.301202193877382
74 432 0.37836662288253076
74 490 0.26111173649058694
74 528 0.4134806532087095
74 529 0.32643424762172957
74 615 0.3427473240673657
74 989 0.28360513296292666
74 990 0.3366839386147238
75 42 0.297910914662819
75 93 0.2695786947677295
75 114 0.2135605490443123
75 166 0.20001778014849936
75 257 0.26663239106004577
75 275 0.19378331984971015
75 438 0.2796483563391768
75 882 0.2228171303120948
75 884 0.19374606457303212
75 1044 0.2492611012850887
76 25 0.3253968253968254
76 28 0.30276503540974914
76 52 0.2925266407899212
76 58 0.3247849012308155
76 66 0.3063000544201643
76 85 0.27777777777777773
76 131 0.265195693256912
76 134 0.3079201435678004
76 141 0.30499714066520933
76 159 0.29917582261858355
76 165 0.3442651863295481
76 168 0.23589104878012412
76 198 0.29742286594617084
76 207 0.19444444444444445
76 214 0.28188572436790543
76 234 0.3374450893660677
76 248 0.3302474682921738
76 275 0.273633616584944
76 279 0.29493400725830987
76 287 0.31543054108759383
76 292 0.28888888888888886
76 314 0.342176601716491
76 319 0.3334551434354563
76 320 0.30704412431455885
76 355 0.2888594149420807
76 384 0.3410932504096794
76 408 0.27414653956657037
76 410 0.26606624323887046
76 411 0.24124895481858194
76 422 0.23328923745590407
76 437 0.27356484482158966
76 440 0.3359684204526464
76 483 0.3011799352898825
76 488 0.2672917912914934
76 505 0.28368816544899667
76 513 0.2922648663206352
76 522 0.3310610959858653
76 544 0.26111648393354675
76 569 0.24283093212859133
76 576 0.34641016151377546
76 602 0.29611004613199104
76 625 0.32637460981539396
76 684 0.23693955110363696
76 698 0.2961121060494589
76 709 0.2553441154284755
76 722 0.33793125168323446
76 739 0.27498597046143514
76 776 0.2760262237369417
76 803 0.27386127875258304
76 826 0.32824397594488725
76 890 0.2834733547569204
76 892 0.2923064111077339
76 905 0.29160592175990213
76 909 0.22504520059758878
76 942 0.28782081151811656
76 957 0.31137618438976383
76 961 0.3013261191518989
76 965 0.296078262731896
76 1005 0.34373246307679395
76 1030 0.29801978033963483
76 2043 0.2219167619785609
76 2093 0.2151657414559676
76 2239 0.2666982304552209
76 2247 0.2739983121755955
76 2274 0.20851441405707477
76 2344 0.23097828906119441
76 2364 0.30261376633440124
76 2385 0.3206213553835435
76 2386 0.2931051908802746
76 2489 0.3161948650370874
76 2613 0.1948709407384893
76 2629 0.3299164422165995
76 2630 0.27498597046143514
76 2669 0.29925280083228983
76 2688 0.28015776286411065
76 2736 0.2613541867446583
76 2779 0.24948506639458295
76 2841 0.24326681639992057
76 2890 0.2553441154284755
76 2962 0.35075786100109796
76 2971 0.2360293976249778
76 3020 0.2056971041128498
79 133 0.3215879404125774
79 695 0.2945137539309162
80 34 0.3315060653691073
80 295 0.34663129793049674
80 450 0.283026991218202
81 631 0.21974497597813186
82 94 0.33753471528591245
82 221 0.37009680164738
82 316 0.41737432371920086
82 327 0.37219368415938836
82 343 0.30391533692741546
82 392 0.2690472557650453
82 444 0.386024323488978
82 587 0.2939723678960656
82 987 0.27684651149997397
82 990 0.3210410457672867
82 1036 0.260359587582133
83 533 0.34379775205242
83 544 0.24242424242424243
83 684 0.20622940829658198
83 685 0.25252525252525254
83 763 0.15957118462605635
83 2344 0.24124895481858197
83 2386 0.24491070996905082
83 2630 0.19489486071727685
83 2654 0.24784079854830485
84 44 0.35296560400125876
84 399 0.32756764082711903
84 470 0.2712947065220114
84 770 0.3301690898721089
84 771 0.2988349470550513
84 865 0.2883120210742426
85 25 0.2666666666666666
85 76 0.27777777777777773
85 131 0.269275626999326
85 141 0.2541642838876744
85 159 0.2599734734478726
85 169 0.29692872320923525
85 197 0.23999999999999996
85 214 0.26827744801910997
85 217 0.33123146848433
85 222 0.270801280154532
85 234 0.23819653367016544
85 248 0.27174648819470293
85 275 0.27174648819470293
85 292 0.23999999999999996
85 314 0.2639648070384359
85 326 0.2765006318046655
85 355 0.29711254108328294
85 373 0.25166114784235827
85 505 0.24030056367444422
85 522 0.33708038864015377
85 544 0.2669190724654033
85 576 0.30022213997860536
85 640 0.27392601372069025
85 684 0.24878652865881878
85 696 0.28763699820266986
85 739 0.23570226039551584
85 776 0.20701966780270625
85 797 0.27291529568840517
85 803 0.2556038601690775
85 826 0.270801280154532
85 828 0.2533333333333333
85 847 0.2919985580353725
85 890 0.30237157840738177
85 905 0.26827744801910997
85 942 0.29774566708770683
85 1005 0.2946278254943948
85 2239 0.22156468376279892
85 2274 0.20851441405707472
85 2344 0.22677868380553634
85 2386 0.3282778137859075
85 2613 0.24683652493541974
85 2629 0.2703705477677498
85 2630 0.24748737341529162
85 2736 0.2613541867446583
85 2775 0.2393774995725106
85 2841 0.23631633593135135
85 2890 0.23570226039551584
86 572 0.2672612419124244
87 768 0.276211078523504
88 149 0.31981729944271475
88 302 0.21957751641341997
88 307 0.3224970216983856
88 630 0.22642517044360128
88 728 0.2057377999494559
89 36 0.27168776991069793
89 140 0.17924428597928835
89 271 0.28403721399754783
89 414 0.49763360564830306
89 882 0.3884125730105917
89 922 0.23284515771189984
89 1044 0.3530389170364249
90 584 0.28301102115507465
90 788 0.32531662083282414
90 2659 0.27471046305031194
91 199 0.26901945705161984
91 222 0.29323681737901064
91 942 0.28372389061352443
91 985 0.3243506504191219
91 1018 0.33297111281522457
91 1025 0.25794463179307714
91 2733 0.2822266564652615
91 2741 0.3155045366812849
91 2965 0.2431925310820693
92 605 0.24708589901564307
93 11 0.30879033974997094
93 42 0.28014010508757664
93 74 0.25965706368739827
93 75 0.2695786947677295
93 114 0.3227486121839514
93 166 0.31437304171433833
93 173 0.25555555555555554
93 257 0.2637521893583148
93 275 0.258405697060851
93 331 0.24445060351935233
93 398 0.25781778416711615
93 412 0.25555555555555554
93 432 0.24681203239962182
93 438 0.3042903097250923
93 490 0.26816060926159635
93 528 0.23659846994187428
93 529 0.23281009858985938
93 615 0.28888888888888886
93 882 0.2952931892760994
93 989 0.23488808780588138
93 990 0.28014010508757664
93 1044 0.3390317518104052
94 82 0.33753471528591245
94 221 0.2766794298065627
94 316 0.3154224228906041
94 327 0.2988579223878826
94 343 0.30518138074443146
94 392 0.2798415831035528
94 444 0.29020608618146215
94 587 0.3069800647022711
94 987 0.40567843037811896
94 990 0.357858410661722
94 1036 0.22020031861660988
95 33 0.33531643627641106
95 71 0.3136831178069652
95 299 0.2986578607168181
95 424 0.3629020965741748
95 621 0.3001742588560966
95 646 0.25952690498874664
95 720 0.3019949236287973
95 848 0.2849014411490948
95 983 0.2608085271287502
95 987 0.26691392371252215
95 990 0.346133095511134
95 1036 0.29665824029600674
95 2488 0.24991143649719139
97 43 0.3853920145903176
97 122 0.2932298899673371
97 179 0.31203486153403326
97 214 0.3334056948523304
97 222 0.2638796982801254
97 326 0.2568598190085799
97 341 0.3175953782268872
97 491 0.25807943617160417
97 493 0.33005479880281385
97 496 0.33262335737638815
97 550 0.32288592281010975
97 727 0.3370155402098376
97 754 0.32210050222867953
97 803 0.32616403652672105
97 827 0.23632829671833044
97 864 0.3785988194242408
97 877 0.3579946930476944
97 949 0.2553148031892709
97 985 0.3246473781781232
97 995 0.2906732603092963
97 997 0.34170426675113597
97 1369 0.22358370145308834
97 2591 0.21164317410844258
97 2716 0.2708034268410178
97 2742 0.3225992952145052
97 2965 0.27180336377226755
100 516 0.304662018899833
100 802 0.3046947237487169
101 2 0.2795745670376312
101 121 0.6199262138660518
101 464 0.29814239699997197
101 674 0.17588161767036212
101 821 0.28171808490950556
102 349 0.3125381539589969
102 358 0.23774301068682288
102 511 0.336269122990683
102 869 0.1941450686788302
103 510 0.27386127875258304
105 116 0.38698637457445473
105 202 0.2933599542407401
105 344 0.27438482430479083
105 415 0.29186501192363773
105 484 0.35745707680839695
105 504 0.31212739461154115
105 650 0.2149714927269687
105 729 0.2529189909674716
105 843 0.34501995770199184
106 239 0.23312620206007845
106 780 0.19781414201873612
106 856 0.1681096950363583
107 751 0.31359075375265905
108 126 0.3833333333333333
110 437 0.3303892626702793
110 450 0.2312724838691955
110 472 0.22961557339788813
110 517 0.33821702544744997
110 602 0.3337763466999546
110 754 0.3175536744149779
110 1231 0.2318625417624076
110 1351 0.18935242733246038
110 1447 0.2858309752375147
110 1523 0.26296449721851356
110 1772 0.2340071757206818
110 1802 0.1962209820503186
110 1853 0.25437350953458415
110 1882 0.23811211171689534
110 1902 0.25928148942086576
111 2589 0.23063512107853829
111 2949 0.27106965902867886
113 136 0.2038423316026921
113 213 0.22664656687978432
113 337 0.3470463341397725
113 357 0.2641777920640762
113 365 0.45544554455445546
113 430 0.32189285898270115
113 771 0.3332012939804271
113 789 0.3349794338793238
113 887 0.25720928377795027
113 914 0.22021924602154666
113 2769 0.21890818184619762
114 11 0.4020832231856322
114 42 0.271244490402245
114 74 0.36203309401910844
114 75 0.2135605490443123
114 93 0.3227486121839514
114 166 0.24585377554019466
114 173 0.3227486121839514
114 257 0.32986190566901513
114 275 0.31024829799735637
114 331 0.3043135017002584
114 398 0.32644053337309165
114 412 0.2689571768199595
114 432 0.33456461189456926
114 438 0.30444875301087465
114 490 0.36783097404672815
114 528 0.24900596027799873
114 529 0.2817717608335726
114 615 0.30123203803835463
114 882 0.34610932762158647
114 989 0.23690563861840733
114 990 0.26155718717359344
114 1044 0.30638167667268595
115 42 0.2936274138762847
115 164 0.37863845820955155
115 174 0.3141030997911211
115 230 0.29244794255506157
115 352 0.18757443089289605
115 516 0.30847557321338875
115 582 0.25782887945748684
115 707 0.28886777734871566
115 845 0.18720771611224415
115 898 0.2620520403292353
116 105 0.38698637457445473
116 484 0.27810148512087773
116 504 0.3055148229611527
118 137 0.2680100840691232
118 298 0.24024999005214906
118 525 0.2327131615133836
118 710 0.35176323534072423
119 16 0.3072682754588379
121 2 0.28723404255319146
121 101 0.6199262138660518
121 464 0.29354763287404895
121 674 0.19790977371009408
121 821 0.2095733109066536
122 43 0.34489594334627494
122 97 0.2932298899673371
122 179 0.3468067388176693
122 214 0.25641362807776363
122 222 0.3571796740964257
122 326 0.39873535068102517
122 341 0.6155209008485767
122 491 0.2964000349631083
122 496 0.3652207571147053
122 550 0.3065017112008874
122 727 0.38203015405757984
122 803 0.31037796121616884
122 827 0.29911504231979624
122 864 0.31446412056916623
122 877 0.34140223809262193
122 985 0.24742268041237117
122 995 0.32306468890615153
122 997 0.3139534342278564
122 2591 0.2500135644719451
122 2716 0.39527802697266445
122 2742 0.2964000349631083
122 2965 0.2782698962627721
123 209 0.26117145003960424
123 2379 0.3079201435678004
125 792 0.19215378456610455
125 2753 0.18792369545992677
126 108 0.3833333333333333
127 177 0.3084246847506244
127 335 0.31869952638021115
127 336 0.2383815201889433
127 477 0.26272260455717716
127 594 0.24214165827872405
127 3011 0.2591873934317678
128 49 0.35116921958065067
128 134 0.33523919982740297
128 174 0.3403838359472166
128 369 0.3056324197135888
128 372 0.3258218764151984
128 555 0.31282475480231003
128 782 0.3756587177470514
128 2219 0.2582126614563608
128 2291 0.2696227919523265
128 2345 0.3694293416654894
128 2412 0.20199392354046658
128 2465 0.3341210714563142
128 2519 0.17972541067303258
128 3010 0.3319735260805424
129 9 0.3286904062755256
129 403 0.3733026101029531
129 674 0.2771609312622935
129 821 0.2988071523335984
129 2581 0.18631032838127484
129 2619 0.18571428571428572
129 2763 0.3007159914718233
129 2786 0.22727272727272727
130 245 0.30123203803835463
130 246 0.2144761058952722
130 247 0.2314511184962487
130 359 0.23063280200722125
130 518 0.2633644333281699
130 567 0.2224198467657374
130 612 0.3468909530866052
130 634 0.27999999999999997
130 2979 0.2619978189658401
131 25 0.23605330938252608
131 69 0.23572039901268038
131 76 0.265195693256912
131 85 0.269275626999326
131 141 0.22398626259716148
131 159 0.306837993795203
131 214 0.31052027115542835
131 216 0.23677825215312923
131 234 0.24052695357412454
131 248 0.28064162810004645
131 275 0.23906509060374329
131 292 0.29375522945381016
131 314 0.22885377114725872
131 330 0.2759349904759016
131 355 0.23865177295182455
131 451 0.25145999691840293
131 462 0.32012444306375776
131 505 0.27574041882838396
131 522 0.3094347715917747
131 544 0.24502772930522737
131 576 0.2967994064017808
131 606 0.25985335935189485
131 627 0.2184485341267554
131 680 0.21332045841298977
131 684 0.26100837075424377
131 695 0.2961637038376289
131 739 0.23800827732435353
131 776 0.2787267542438296
131 803 0.27933396798082955
131 825 0.24479602454484184
131 826 0.23729192272042357
131 853 0.19987511706556307
131 890 0.277572601235535
131 902 0.27155620595021046
131 905 0.25698229337000966
131 942 0.2951921702955165
131 974 0.27920539532601946
131 977 0.29718652857621347
131 1000 0.20555260314375987
131 1005 0.2596453934447493
131 1039 0.23204220867301623
131 2239 0.2711907688233412
131 2274 0.30626099772881393
131 2344 0.24287602608109313
131 2386 0.2798288434536982
131 2560 0.26379998353998074
131 2613 0.20274043426640648
131 2629 0.2481961321783366
131 2630 0.2704639515049472
131 2687 0.2623930402626813
131 2736 0.2879030966095915
131 2775 0.2660070761840544
131 2794 0.2504440658585021
131 2841 0.2679783730127122
131 2890 0.24882683538455141
131 2928 0.1910112359550562
131 2976 0.27407013752501314
132 17 0.3918399986808053
132 48 0.4472558712097938
132 51 0.291463640257526
132 356 0.36710835125745456
132 366 0.23633602008855897
132 407 0.34008375883191355
132 626 0.30089789257994803
132 722 0.3337725078760129
132 817 0.30508692791411784
133 79 0.3215879404125774
133 695 0.3052703132597503
133 831 0.36643676211734105
133 1973 0.26384044507079263
133 2328 0.31085603275802987
133 2384 0.35540546189328137
134 28 0.26696952498876586
134 52 0.2935197542821371
134 58 0.236268459194465
134 66 0.2853870759731949
134 76 0.3079201435678004
134 128 0.33523919982740297
134 165 0.30410524493997143
134 168 0.23533936216582083
134 198 0.32727272727272727
134 207 0.21650635094610968
134 279 0.2969261484185569
134 287 0.2528781691270574
134 314 0.31750031750047625
134 319 0.2809757434745082
134 320 0.2507132682112035
134 372 0.35906624935876585
134 384 0.30234590038275844
134 408 0.273505383503131
134 411 0.273505383503131
134 422 0.36893239368631087
134 440 0.2945941518185897
134 483 0.24855514683254734
134 488 0.25555555555555554
134 513 0.21830633902307478
134 555 0.31639242510949384
134 625 0.24750859419761706
134 698 0.3200378765462651
134 722 0.25627265885317474
134 892 0.36002812829632763
134 909 0.25849213105659874
134 957 0.28436839595036684
134 961 0.35355339059327373
134 965 0.22792115291927587
134 1030 0.33265281411231457
134 2043 0.26207120918047955
134 2093 0.2571478174124758
134 2247 0.2657642388106997
134 2364 0.33545114775101387
134 2385 0.2990251802008663
134 2465 0.3693522067506555
134 2489 0.3073993852018444
134 2669 0.2677992119302216
134 2779 0.24748737341529167
134 2962 0.33235488579971634
134 2971 0.23237900077244503
134 3020 0.236268459194465
135 7 0.2870302486435248
136 113 0.2038423316026921
136 213 0.24997589083363894
136 337 0.27370021452115667
136 357 0.21995601319560154
136 365 0.28028320595370165
136 430 0.2623248648741171
136 771 0.32525735922001203
136 789 0.30426096498229543
136 887 0.18912300541538368
136 914 0.22176638128637183
136 2769 0.29448482384566077
137 118 0.2680100840691232
137 191 0.23328473740792172
137 525 0.28435556229583564
137 710 0.2962962962962963
137 716 0.3135467219426135
137 971 0.29160592175990213
138 225 0.2695103242722549
138 364 0.3066428716703988
138 671 0.24922239313961342
138 862 0.2879144609812179
138 931 0.3132350068953676
138 932 0.223090979767126
138 1043 0.27888667551135854
138 2614 0.2241053642501988
138 2628 0.3239757976459314
138 2673 0.24631741494982246
139 21 0.32602223014090775
139 636 0.24258958179451698
139 775 0.23331902353870987
139 805 0.2777949261420117
139 812 0.24980545585225375
139 921 0.2442328859463039
139 1006 0.26760473064593904
139 1013 0.29838352974921134
140 36 0.2908996343772627
140 89 0.17924428597928835
140 271 0.26027862023228765
140 351 0.19656399170482294
140 354 0.22541740866685803
140 414 0.22147019900891643
140 495 0.18681617943926834
140 506 0.21434709901482513
140 509 0.1569188472540014
140 723 0.2419249128674744
140 798 0.17609018126512477
140 922 0.24743582965269675
140 990 0.1679132559632945
141 25 0.3267826507127243
141 31 0.3558007146383131
141 76 0.30499714066520933
141 85 0.2541642838876744
141 131 0.22398626259716148
141 142 0.35512752991576335
141 159 0.2926221604241095
141 214 0.32907419764990775
141 234 0.2905970467430589
141 248 0.35397478930135995
141 275 0.29354006917673753
141 292 0.3151637120207163
141 314 0.30190691768612504
141 355 0.2926221604241095
141 391 0.335917013762658
141 459 0.33732760837018727
141 505 0.28247567066405327
141 522 0.302918062983538
141 544 0.2920125302610444
141 576 0.3257668353404808
141 578 0.3166046764796025
141 684 0.2529305995898763
141 739 0.3145122551766954
141 776 0.27360842921224326
141 803 0.28770379063468066
141 826 0.3660398896919104
141 890 0.307408222775592
141 905 0.33796809488368906
141 942 0.2815158890323383
141 966 0.31731387201264544
141 1005 0.3055261907430755
141 2239 0.25341223132516877
141 2274 0.24378581695374243
141 2344 0.24016267404343125
141 2386 0.27712835991110385
141 2613 0.24764616551657787
