0 8 0.29756985032180777
0 20 0.2822162605150792
0 51 0.6196467282663497
0 153 0.2866330114065753
0 186 0.272213177505359
0 195 0.6459441422540491
0 366 0.3418817293789138
0 379 0.6055886139053632
0 549 0.24946422724929623
0 552 0.5896398445237307
0 705 0.21424181429045097
0 712 0.23828120532469751
0 766 0.18528169649638837
0 975 0.19284730395996755
0 1051 0.3220830805757138
0 2781 0.2748599094388713
0 2801 0.34310427837457674
1 5 0.6144181110988087
1 144 0.6859305519651668
1 187 0.6425683218200067
1 591 0.7085540938309973
1 709 0.6918690317564677
1 816 0.6653456430313951
1 955 0.6455553778042242
2 101 0.6144117354927552
2 121 0.28723404255319146
2 182 0.34541656342932614
2 464 0.28267549832315825
2 674 0.609711854163588
2 821 0.643033213906085
2 866 0.6036699144672115
3 371 0.6295876189285687
4 182 0.28128433856309726
4 457 0.6255802507265388
4 592 0.5650960353911247
5 1 0.6144181110988087
5 144 0.6244062748523347
5 187 0.6389359356205278
5 536 0.6067738887264634
5 591 0.67850622414464
5 709 0.6337321923249061
5 816 0.5744779764354252
5 955 0.6033095852326484
5 2889 0.6005216341171524
6 160 0.6296393479236604
6 268 0.6845675142233705
6 2977 0.21209889649208077
7 135 0.6218674170986487
8 0 0.29756985032180777
8 20 0.6530244594145648
8 51 0.19839002137983247
8 153 0.6788536490713499
8 186 0.6331374380618704
8 195 0.22660624638925933
8 246 0.5964712276912657
8 366 0.6083877706712205
8 379 0.2706659809803834
8 443 0.6896143542985868
8 549 0.6581962591717039
8 552 0.20913407192853076
8 705 0.5919698503864881
8 712 0.22381412908589723
8 766 0.6189827398418793
8 961 0.6544655362337428
8 975 0.6691610933729897
8 2781 0.6760989848500916
8 2801 0.6642717321896321
9 129 0.6635275747306495
9 403 0.6055011094370073
9 518 0.6096773807723549
9 674 0.5615569716459314
9 821 0.6468143679917369
9 2581 0.5813075795624247
9 2619 0.23477886162537542
9 2763 0.6155256998437437
9 2786 0.5984925745584867
10 285 0.592899553360734
10 777 0.6247751770002007
11 42 0.7662946325212824
11 74 0.8225502784592562
11 93 0.6436275082050948
11 114 0.7369203916407561
11 173 0.7181631074550878
11 257 0.8192893101069287
11 331 0.781047916708284
11 398 0.6959403684413252
11 412 0.7075151647050888
11 432 0.7132749847594222
11 490 0.6239422484963848
11 528 0.7094441863838306
11 529 0.6806504983513231
11 615 0.8246425349550779
11 989 0.6068290650931206
11 990 0.6512393087703068
12 146 0.6166694402577502
12 218 0.6467623154011457
12 787 0.6953057939104191
12 850 0.7167936957562444
14 431 0.28573153847150773
14 621 0.6611647270771688
14 848 0.6634707029582236
14 983 0.5800891100406802
14 987 0.5753722861763059
14 1036 0.6318814313481262
14 1037 0.6701893105237726
15 487 0.314511015406175
15 508 0.6144323919312951
15 542 0.732490632580941
15 556 0.6163966690684275
16 119 0.3072682754588379
17 48 0.6376117124656526
17 132 0.7268073734824411
17 356 0.6712430029595617
17 366 0.27857265684863747
17 407 0.2601712001949749
17 626 0.3021285639434339
17 722 0.6786982838323323
17 817 0.6413021072195955
17 2529 0.23551334397531512
18 267 0.7463761063979572
18 383 0.5951362193298195
18 726 0.6336877431677675
18 979 0.6399657450844886
18 1011 0.6464135450614847
20 0 0.2822162605150792
20 8 0.6530244594145648
20 51 0.24707061051687457
20 153 0.6770746541523305
20 186 0.5552857341603558
20 195 0.22985469156961003
20 268 0.5647911585044476
20 366 0.62429091806636
20 379 0.28003695175797405
20 549 0.6755870173725725
20 552 0.24966310505437997
20 705 0.5915377075666002
20 712 0.22513069414207246
20 766 0.5904747608098377
20 975 0.6230862140581443
20 2781 0.6682987315809801
20 2801 0.6290147345947592
21 139 0.6608593985960316
21 636 0.6578818728592959
21 775 0.628202958339678
21 805 0.6662129342121659
21 812 0.6315532393487614
21 921 0.593852379103764
21 1006 0.6818155318986039
21 1013 0.673314352603696
22 298 0.31022669373179257
22 421 0.2734817064582437
22 1029 0.26490647141300877
23 311 0.7288130431518224
23 703 0.6783995175553974
23 911 0.734837168455124
23 947 0.6294180918204753
23 982 0.7261299588907387
24 26 0.5563461161793671
24 255 0.607092208844726
24 387 0.6000444991035527
24 465 0.6205554535015214
24 744 0.5714510293002019
25 31 0.6014818899572333
25 43 0.5869864850613604
25 67 0.6028190572599463
25 76 0.6602339938519493
25 85 0.6015038351217905
25 131 0.23605330938252608
25 141 0.6616198191678482
25 142 0.6675124464136721
25 159 0.5912735878424813
25 161 0.6602339938519493
25 172 0.6502571993954042
25 214 0.5764535036276143
25 220 0.5216144400152991
25 234 0.6240758164831819
25 248 0.6098187338902401
25 275 0.658344892496437
25 292 0.6015038351217905
25 314 0.5443330470570572
25 355 0.582430952691193
25 391 0.6137574655772466
25 413 0.5368676773655661
25 436 0.5815407211849382
25 452 0.5769281815226449
25 459 0.6429378724660368
25 505 0.5636948481450708
25 517 0.5842290430105437
25 522 0.6444007906756732
25 544 0.6332560072363203
25 570 0.5127664166778461
25 576 0.6317601640383601
25 578 0.5952558628480668
25 590 0.5542623591364312
25 607 0.5682820739130905
25 640 0.658103892721777
25 641 0.536451548172136
25 684 0.5887009732090207
25 736 0.669814529461152
25 737 0.6070026954310326
25 739 0.6210470560782503
25 764 0.6194418799361252
25 776 0.5319987568386537
25 803 0.6130454516323511
25 826 0.5370589036354563
25 827 0.5868134837946087
25 832 0.6138109461524106
25 834 0.603023512621166
25 890 0.5868134837946087
25 905 0.5931166991567516
25 925 0.6296766966059182
25 942 0.6325828355428307
25 966 0.6320894839738604
25 968 0.6129513076549136
25 1005 0.5621214909793714
25 1009 0.6575857806390752
25 1024 0.5669407097293877
25 1041 0.5482672464068027
25 2063 0.2304454664621266
25 2133 0.21650635094610968
25 2239 0.2901442287369986
25 2274 0.1985851562448331
25 2344 0.26097546945875216
25 2370 0.18662778992633738
25 2386 0.6028190572599463
25 2522 0.24505429367721024
25 2553 0.6304334693309278
25 2591 0.5633145927336309
25 2613 0.21343007795167876
25 2629 0.6452115217599388
25 2630 0.5789573667219081
25 2662 0.5971631000341506
25 2736 0.5887240927213635
25 2780 0.6332560072363203
25 2841 0.5731393559489236
25 2874 0.5789177807323611
25 2890 0.5789573667219081
25 2893 0.6139099545480977
25 2924 0.5764355469306869
25 3021 0.6326534296451727
26 24 0.5563461161793671
26 143 0.6714327965270526
26 232 0.578587221205747
26 387 0.6943877731565393
26 744 0.5877885525076333
27 563 0.601709666537182
28 52 0.6246922771145782
28 58 0.2467277213235375
28 66 0.2825715119482706
28 76 0.637602203864873
28 134 0.6018066934438897
28 165 0.5992060567360808
28 168 0.22438727760202973
28 198 0.5862045783471437
28 207 0.555029921480396
28 279 0.6088126274414578
28 287 0.2678998598884099
28 314 0.6133438692806015
28 319 0.6205970190027612
28 320 0.6173457488432533
28 384 0.30815657433892335
28 408 0.5521514610613774
28 411 0.595614319582628
28 422 0.5659958659647426
28 440 0.6885435793501276
28 483 0.6157118752631582
28 488 0.22247460415730488
28 513 0.6063331605251243
28 625 0.6145292396660236
28 670 0.5533465990886393
28 698 0.569563431861634
28 722 0.26244612566766706
28 892 0.6030194742415778
28 909 0.5812997450319595
28 957 0.36462932610329835
28 961 0.633411393260274
28 965 0.2716428657578167
28 1020 0.5897640501049707
28 1030 0.6301352499554937
28 2043 0.5747172583801895
28 2093 0.22386075217339094
28 2247 0.3167453240816671
28 2364 0.5847122621270672
28 2385 0.595508549085019
28 2489 0.5369708331082644
28 2669 0.5819370362018189
28 2779 0.5258604628197092
28 2962 0.5699475829438168
28 2971 0.20925553466486563
28 3020 0.23600042909207936
29 547 0.3452897873639244
30 193 0.5811640651006327
30 956 0.6812826833558887
30 2575 0.6914744299339912
30 2871 0.24573659359149527
30 2931 0.6499481760715417
31 25 0.6014818899572333
31 43 0.6602179023679575
31 141 0.690637883093437
31 142 0.6888215758715454
31 161 0.654563940997005
31 172 0.6078192755047084
31 220 0.6093771626940773
31 234 0.57566051024161
31 355 0.6429285214570972
31 391 0.7475416705671629
31 413 0.5914696197424922
31 436 0.6219726913543958
31 452 0.6737366949322754
31 459 0.7735154005332623
31 517 0.6912303909387425
31 578 0.6735143499283085
31 590 0.6622323392660896
31 607 0.6172534405194168
31 640 0.6590224362446244
31 641 0.6541354831693904
31 736 0.6174975781634784
31 737 0.588837422455505
31 739 0.6281313984978305
31 764 0.5866125598497716
31 826 0.7081839642255221
31 827 0.6385836166021019
31 832 0.5797939814768803
31 834 0.6268382667459852
31 925 0.6558582342640833
31 966 0.6108899655652349
31 968 0.637647642825425
31 1005 0.6647931772531689
31 1009 0.636044416793561
31 1024 0.578525830938371
31 1041 0.6278412092212327
31 2063 0.26231380592404185
31 2133 0.30308394717018267
31 2370 0.2032002032003048
31 2522 0.33351867298253507
31 2553 0.6282841161494408
31 2591 0.5836032233840263
31 2629 0.6352241660047256
31 2662 0.5651761082041076
31 2780 0.6236533610278612
31 2874 0.6474898681954852
31 2890 0.6464622878754998
31 2893 0.6473729668267546
31 2924 0.5724326501108696
31 3021 0.606516250847427
32 144 0.6885710815981199
32 187 0.7120354547249333
32 280 0.7183588317154799
32 293 0.8152915933821507
32 395 0.7474982735955384
32 603 0.29375522945381016
32 664 0.6858375410773172
32 733 0.7174936855048675
32 816 0.6666115971974858
32 894 0.6029977777167203
32 917 0.634889982398414
32 933 0.6244837308137032
32 955 0.6568366817017695
32 1035 0.696895371403348
32 3023 0.2778353297384935
33 71 0.6411434747614302
33 95 0.670153604731535
33 299 0.6333335488353374
33 424 0.7351206849284193
33 621 0.7366388987540105
33 646 0.5697887828028743
33 720 0.6467298620746317
33 848 0.6480593070534486
33 983 0.6276158950543864
33 987 0.5849336749246516
33 990 0.6141164477344032
33 1036 0.7363446616487379
33 2488 0.6063331605251243
34 80 0.6663432338242312
34 265 0.6398158587739508
34 295 0.653625524986793
34 450 0.6487906026829803
35 834 0.6224746683807152
35 874 0.6643015125354055
35 942 0.678943083350596
35 1018 0.6925186356630406
35 1024 0.6072715009552943
35 1025 0.5679633705152023
36 89 0.6065249383658218
36 140 0.6257368028323866
36 271 0.6133181811133517
36 351 0.609858655348152
36 354 0.6330255857373797
36 414 0.6225725545512827
36 495 0.5885822428985195
36 506 0.625976408961453
36 509 0.2948531466300107
36 723 0.5848567019942403
36 798 0.5896120002095497
36 922 0.618964769946456
37 727 0.6858192275366408
37 864 0.6577334578887083
37 877 0.6514690595774544
37 997 0.6456957953196141
37 2334 0.23027342864276681
37 2659 0.6391849945420804
38 46 0.6051474214057687
38 162 0.6341702120749522
38 293 0.6826699649550912
38 404 0.6614744584143678
38 603 0.2993820796734995
38 3023 0.2954684201426394
39 210 0.6721376947245696
39 2296 0.2706069630676317
39 2350 0.2602236227658168
39 2520 0.20158105227158785
39 2528 0.20457927209624285
39 2765 0.21562217300853245
39 2773 0.181883209317138
39 2774 0.24247669279757303
39 2831 0.222717701593687
39 2889 0.5686907551284952
39 2894 0.23236447844635066
40 189 0.5913317564764125
40 563 0.7553922600511233
40 692 0.6388124078837474
41 163 0.2701016268757443
41 274 0.5571780312345952
41 340 0.6436881272763457
41 750 0.5438969158155562
41 765 0.25781778416711615
41 841 0.5945502712202626
41 1020 0.6410355915216833
42 11 0.7662946325212824
42 74 0.7276350968389683
42 75 0.6327480831179428
42 93 0.6149772735427006
42 114 0.606081658857369
42 115 0.6284645823314086
42 166 0.5634765355175285
42 173 0.6049722697895727
42 174 0.6432288264049517
42 257 0.6910807904525795
42 331 0.6702514595178157
42 398 0.6473496253542579
42 412 0.6549972885552116
42 432 0.6281965793395896
42 438 0.5997022035581996
42 490 0.6366688074417444
42 528 0.6405106763623245
42 529 0.7121782459006522
42 582 0.600032177663514
42 615 0.7350373185802334
42 989 0.6344693339631362
42 990 0.6501524837704393
43 25 0.5869864850613604
43 31 0.6602179023679575
43 97 0.7202291830454415
43 122 0.6797331118013988
43 161 0.7052787570494714
43 172 0.6679238622183695
43 179 0.7547330797385946
43 214 0.6550934760652982
43 220 0.6938115274294828
43 222 0.6848704669044428
43 234 0.580086632285326
43 326 0.790337544746619
43 341 0.7379647795725022
43 355 0.6625978367832772
43 391 0.6588340409632177
43 413 0.5890747583916872
43 436 0.6268008158720312
43 452 0.6434438683793078
43 491 0.6771764878262909
43 496 0.7140297082663928
43 517 0.7413996363404911
43 524 0.6724426866693637
43 550 0.6639774627573155
43 578 0.6526204173747068
43 590 0.6360669108937632
43 607 0.679052333755175
43 640 0.6735149994587364
43 641 0.6241968549587429
43 727 0.7160184183863676
43 736 0.6222504545770198
43 737 0.6150614376140264
43 739 0.6006310124797128
43 764 0.6034496282331513
43 803 0.6570888617728686
43 826 0.6848704669044428
43 827 0.6436910503972494
43 832 0.6313368951195644
43 834 0.6249102537664062
43 864 0.6855160935447624
43 877 0.7155565003166569
43 925 0.6863388579428555
43 968 0.6161625195340859
43 977 0.6644979145463393
43 985 0.668236580356523
43 992 0.6321876851801501
43 995 0.6539334235322372
43 997 0.6974505028333815
43 1005 0.6121872665677384
43 1009 0.6259997364916781
43 1024 0.6307122899879887
43 1041 0.6405758544421207
43 2063 0.215698990703644
43 2133 0.2830692585361489
43 2370 0.17614096918559582
43 2522 0.3048749218101055
43 2553 0.6093478701702397
43 2591 0.6136431825980531
43 2629 0.6283630315596865
43 2662 0.5323247618063653
43 2690 0.6346151928420449
43 2716 0.2767811742353462
43 2733 0.32527368316675065
43 2741 0.6493585668286227
43 2742 0.7125909001750323
43 2780 0.6307122899879887
43 2874 0.6304933664496651
43 2890 0.5544059961276104
43 2893 0.6851134963322385
43 2924 0.6130114885872172
43 2965 0.6928946054748403
43 3021 0.6663339405210218
44 84 0.6878027724563827
44 399 0.6662814843497834
44 470 0.5864671244345465
44 770 0.2783971269921088
44 771 0.6624063783964542
44 865 0.6011939704068405
45 580 0.6297646994194441
46 38 0.6051474214057687
46 162 0.7262887726548524
46 293 0.6095790323700352
46 404 0.6793666924227739
46 603 0.3130032180229999
46 2538 0.25065132546332514
46 2539 0.22277981271848007
46 3020 0.26978660108793817
46 3023 0.21386180543479086
47 152 0.5649875719115239
47 254 0.7006930478332261
47 320 0.5656536955613085
47 402 0.7341987003705597
47 868 0.616875205864007
47 923 0.506725081193206
48 17 0.6376117124656526
48 132 0.7822232460114296
48 356 0.6892750581843619
48 366 0.23348501491459958
48 407 0.30019373589361825
48 417 0.33328232983929545
48 626 0.30844354543224933
48 722 0.6727234931393267
48 817 0.5955820662285092
49 128 0.6860063880357745
49 174 0.6195049095994936
49 369 0.6543429783382602
49 782 0.677744701427678
49 2219 0.26744186046511625
49 2291 0.25857390648764056
49 2345 0.6493028426043892
49 2412 0.20991342856239587
49 2465 0.7331198958824532
49 2519 0.21790048222764163
49 3010 0.6121267912031108
50 286 0.6916408418546764
50 547 0.5910867428008562
51 0 0.6196467282663497
51 8 0.19839002137983247
51 20 0.24707061051687457
51 132 0.6264310150591618
51 153 0.22049818089751133
51 186 0.22356812148959282
51 195 0.618809857492654
51 366 0.21872337594974606
51 379 0.6231435811453738
51 407 0.22678594107176878
51 549 0.29937234562958553
51 552 0.5881634490137979
51 599 0.5508196895781471
51 705 0.17541160386140583
51 712 0.19569986269187806
51 766 0.2058790548922549
51 965 0.6112495338960517
51 975 0.2023809523809524
51 2781 0.25275763912268084
51 2801 0.26142612057017944
52 28 0.6246922771145782
52 58 0.22408839143880815
52 66 0.28766052340298687
52 76 0.6273638092450451
52 134 0.628356922737261
52 165 0.625497651636991
52 168 0.25698196337733115
52 198 0.6207330330156471
52 207 0.5769281815226449
52 279 0.6360595997584287
52 287 0.2749064372795948
52 314 0.6144150139868448
52 319 0.6293797798261183
52 320 0.6096024003145966
52 384 0.2513698732680852
52 408 0.6693339724579601
52 411 0.5857097714572511
52 422 0.633184263314432
52 440 0.6550934760652982
52 483 0.6339947364894287
52 488 0.31448545101657555
52 513 0.5636843934132876
52 625 0.5942966747108445
52 698 0.6058105498536912
52 722 0.20894746626614946
52 892 0.6768668185459363
52 909 0.5541965724444403
52 957 0.27754052044751765
52 961 0.6525154470241672
52 965 0.2508726030021272
52 1030 0.6114041588453559
52 2043 0.6205514541694096
52 2093 0.25784397701617245
52 2247 0.338295897764242
52 2364 0.6974745310924866
52 2385 0.6214324253260792
52 2489 0.5570731093687332
52 2669 0.6699018318952413
52 2727 0.3050957017085529
52 2779 0.6313368951195644
52 2789 0.3026137663344012
52 2962 0.6158069968376139
52 2971 0.2571326819313642
52 3020 0.28305902076481027
53 241 0.6477302778424958
53 309 0.7148404217668193
53 353 0.5979545742472326
54 266 0.8802995131925256
54 350 0.6687843758505279
54 1042 0.6710478678812459
55 161 0.7150249810706217
55 201 0.7248732025344384
55 211 0.6428509055826097
55 220 0.6011263271579509
55 294 0.7467602758458874
55 324 0.7001098036550084
55 452 0.699710234563452
55 575 0.7503921711883117
55 590 0.6777974997085678
55 598 0.6222321409346189
55 724 0.747610698650257
55 785 0.7112492745184881
55 1045 0.8030685758496752
56 178 0.6456901255188701
56 251 0.6011650573099561
56 415 0.659211728522425
56 504 0.5379277670701047
56 642 0.5946315351139458
56 954 0.7426326043254015
56 1049 0.575087158507273
57 208 0.6681885877510507
57 215 0.18513509485553595
58 28 0.2467277213235375
58 52 0.22408839143880815
58 66 0.6560529210597332
58 76 0.3247849012308155
58 134 0.236268459194465
58 165 0.291829671147444
58 168 0.6218096328680829
58 198 0.34775444210440737
58 207 0.1948709407384893
58 279 0.21552775293824725
58 287 0.598402715999022
58 314 0.3429271351295587
58 319 0.26343534119738615
58 320 0.2692528980903168
58 384 0.7689719069865798
58 408 0.30771759781750485
58 411 0.2564313315145874
58 422 0.28462722678592806
58 440 0.27006573887713
58 483 0.23821729383431028
58 488 0.6349908150485755
58 513 0.24561382073031612
58 552 0.6335606645273679
58 625 0.27846892470694806
58 698 0.2215819955324673
58 722 0.7300852603243182
58 892 0.24050632911392406
58 909 0.2354308702532465
58 957 0.6107772383270657
58 961 0.2500322893123723
58 965 0.65550653919487
58 1030 0.25811286645983367
58 2043 0.21229426557360773
58 2093 0.2389984375776481
58 2247 0.5912600573028353
58 2364 0.247676643169209
58 2385 0.23069459130255
58 2489 0.20274043426640648
58 2669 0.24298197840340038
58 2779 0.18563003297433703
58 2962 0.2653685851029693
58 2971 0.1888226904765912
58 3020 0.22784810126582278
59 2660 0.6066818286492986
60 185 0.5934404419892183
60 207 0.5514817296616844
60 279 0.581292584434976
60 297 0.6672851527260473
60 361 0.5801697748781077
60 461 0.6399657450844886
60 527 0.6360747850195129
60 585 0.6228709664036791
60 668 0.6662711510949323
60 854 0.5978145213253004
60 962 0.6302766423894997
61 183 0.5920665762001163
61 238 0.5998831744953554
61 960 0.6334395882176949
62 523 0.6645200012918302
63 148 0.6275767299513286
63 205 0.5235350747125115
63 577 0.6023353791523125
63 632 0.6141711364359534
63 811 0.6283372912785705
63 830 0.5608294758079082
63 894 0.5471309841205544
63 907 0.5863026926349968
63 984 0.5904085005057746
65 304 0.7065983662775812
65 545 0.6256714590478678
65 564 0.7185180786240586
66 28 0.2825715119482706
66 52 0.28766052340298687
66 58 0.6560529210597332
66 76 0.3063000544201643
66 134 0.2853870759731949
66 165 0.3239812578247185
66 168 0.5932858841474062
66 198 0.24946422724929623
66 207 0.15843106263111947
66 279 0.19975667745235012
66 287 0.5919764961144063
66 314 0.27880149917545205
66 319 0.28785021587030296
66 320 0.2251583701756323
66 384 0.7240536908563336
66 408 0.2251583701756323
66 411 0.2251583701756323
66 422 0.24297354707521815
66 440 0.3592878785739777
66 483 0.27282471758703386
66 488 0.5788879525565032
66 513 0.2187856125358485
66 625 0.3219863429118815
66 698 0.2567098819491079
66 722 0.6266815248494337
66 892 0.30873610217124764
66 909 0.2161767426939856
66 957 0.5825226129246659
66 961 0.3104602102825331
66 965 0.6351785350358121
66 1030 0.20145318606635157
66 1126 0.6423073027727687
66 1152 0.6615530630896356
66 1200 0.593344693142897
66 1403 0.5435916696130075
66 1888 0.6154760392197333
66 2043 0.25314126059462844
66 2093 0.22089631215321717
66 2247 0.6058447998460196
66 2364 0.31067336527522577
66 2385 0.2438226337710941
66 2489 0.24433475406803126
66 2669 0.21809032046351282
66 2779 0.23284515771189987
66 2962 0.24712724192549745
66 2971 0.1983870704427975
66 3020 0.22228999356329832
67 25 0.6028190572599463
67 172 0.6534383936285347
67 570 0.6932635467752111
67 736 0.6544247973211033
67 737 0.5980884932816279
67 832 0.5896388711719873
67 1009 0.6526907948856737
67 2638 0.3009115452130064
67 2780 0.6205663300856832
68 241 0.6181427989358474
68 250 0.5652839894708707
68 309 0.6551779920215923
68 427 0.5836203308537515
68 539 0.6756726131778328
68 820 0.2440739069873551
68 2559 0.5551549372110153
69 131 0.23572039901268038
69 216 0.6556978243698866
69 330 0.7029891183058452
69 451 0.660777728397522
69 462 0.65757053471393
69 606 0.656188372618546
69 627 0.6775993286609678
69 680 0.5834635316854755
69 825 0.650181278374884
69 853 0.6107057979892466
69 902 0.6692769687937479
69 974 0.6321154024479061
69 1000 0.7170919545091212
69 2560 0.7110718178636082
69 2775 0.6924037794222818
69 2928 0.682214598579074
69 2976 0.30261837229274785
70 260 0.6130666326694583
70 261 0.5874495695958518
70 449 0.6220926272146176
70 616 0.6098467175635873
70 753 0.5886970458301769
70 2569 0.6353183235357504
70 2786 0.6183105232120443
71 33 0.6411434747614302
71 95 0.6485202862620891
71 299 0.6432834281813445
71 424 0.6534301713624406
71 621 0.6562785526942331
71 646 0.6073810410985143
71 720 0.6064856435430823
71 848 0.6006014072658237
71 983 0.6276158950543864
71 987 0.6312478427893791
71 990 0.6141164477344032
71 1036 0.5922137666561585
71 1371 0.607107758367575
71 1889 0.29495980573848873
71 2006 0.3482989403465118
71 2488 0.6063331605251243
73 219 0.6182098618405099
73 312 0.6092019111684724
73 445 0.6365765564371588
73 588 0.6704337712957882
73 863 0.660094527675136
73 2696 0.26095179360878484
73 2783 0.256073759865792
73 2930 0.6266603013600494
74 11 0.8225502784592562
74 42 0.7276350968389683
74 93 0.5944942321425222
74 114 0.6968702624742323
74 173 0.7191296227124733
74 257 0.6841112755076275
74 331 0.7156771240138085
74 398 0.6499899052826128
74 412 0.6360393623325059
74 432 0.7132037913376547
74 490 0.5959489049457108
74 528 0.7483178216638334
74 529 0.6612714160768535
74 615 0.6775844925224896
74 989 0.6184423014180506
74 990 0.6715211070698477
75 42 0.6327480831179428
75 93 0.6044158632228533
75 114 0.5483977174994362
75 166 0.5348549486036233
75 257 0.6014695595151697
75 275 0.528620488304834
75 438 0.6144855247943006
75 882 0.5576542987672187
75 884 0.19374606457303212
75 1044 0.5840982697402126
76 25 0.6602339938519493
76 28 0.637602203864873
76 52 0.6273638092450451
76 58 0.3247849012308155
76 66 0.3063000544201643
76 85 0.6126149462329016
76 131 0.265195693256912
76 134 0.6427573120229243
76 141 0.6398343091203332
76 159 0.6340129910737075
76 165 0.679102354784672
76 168 0.23589104878012412
76 198 0.6322600344012947
76 207 0.5292816128995683
76 214 0.6167228928230293
76 234 0.6722822578211916
76 248 0.6650846367472977
76 275 0.6084707850400679
76 279 0.6297711757134338
76 287 0.31543054108759383
76 292 0.6237260573440128
76 314 0.6770137701716149
76 319 0.6682923118905801
76 320 0.6418812927696828
76 355 0.6236965833972046
76 384 0.3410932504096794
76 408 0.6089837080216942
76 410 0.6009034116939944
76 411 0.5760861232737058
76 422 0.568126405911028
76 437 0.6084020132767136
76 440 0.6708055889077703
76 483 0.6360171037450064
76 488 0.2672917912914934
76 505 0.6185253339041206
76 513 0.6271020347757591
76 522 0.6658982644409892
76 544 0.5959536523886706
76 569 0.5776681005837152
76 576 0.6812473299688994
76 602 0.6309472145871149
76 625 0.6612117782705178
76 684 0.5717767195587609
76 698 0.6309492745045828
76 709 0.5901812838835994
76 722 0.33793125168323446
76 739 0.609823138916559
76 776 0.6108633921920656
76 803 0.6086984472077069
76 826 0.6630811444000111
76 890 0.6183105232120443
76 892 0.6271435795628578
76 905 0.626443090215026
76 909 0.5598823690527127
76 942 0.6226579799732405
76 957 0.31137618438976383
76 961 0.6361632876070228
76 965 0.296078262731896
76 1005 0.6785696315319178
76 1030 0.6328569487947587
76 2043 0.5567539304336848
76 2093 0.2151657414559676
76 2239 0.2666982304552209
76 2247 0.2739983121755955
76 2274 0.20851441405707477
76 2344 0.23097828906119441
76 2364 0.6374509347895252
76 2385 0.6554585238386674
76 2386 0.6279423593353985
76 2489 0.6510320334922113
76 2613 0.1948709407384893
76 2629 0.6647536106717233
76 2630 0.609823138916559
76 2669 0.6340899692874138
76 2688 0.28015776286411065
76 2736 0.5961913551997822
76 2779 0.5843222348497068
76 2841 0.5781039848550444
76 2890 0.5901812838835994
76 2962 0.6855950294562219
76 2971 0.2360293976249778
76 3020 0.2056971041128498
79 133 0.6564251088677013
79 695 0.6293509223860401
80 34 0.6663432338242312
80 295 0.6814684663856206
80 450 0.6178641596733259
81 631 0.21974497597813186
82 94 0.6723718837410364
82 221 0.7049339701025039
82 316 0.7522114921743248
82 327 0.7070308526145123
82 343 0.6387525053825394
82 392 0.6038844242201692
82 444 0.7208614919441019
82 587 0.6288095363511895
82 987 0.6116836799550979
82 990 0.6558782142224107
82 1036 0.5951967560372569
83 533 0.6786349205075439
83 544 0.5772614108793663
83 684 0.5410665767517059
83 685 0.5873624209803765
83 763 0.49440835308118025
83 2344 0.24124895481858197
83 2386 0.5797478784241747
83 2630 0.5297320291724008
83 2654 0.5826779670034288
84 44 0.6878027724563827
84 399 0.662404809282243
84 470 0.6061318749771353
84 770 0.3301690898721089
84 771 0.6336721155101752
84 865 0.6231491895293665
85 25 0.6015038351217905
85 76 0.6126149462329016
85 131 0.269275626999326
85 141 0.5890014523427983
85 159 0.5948106419029965
85 169 0.29692872320923525
85 197 0.5748371684551239
85 214 0.6031146164742338
85 217 0.666068636939454
85 222 0.6056384486096559
85 234 0.5730337021252894
85 248 0.6065836566498268
85 275 0.6065836566498268
85 292 0.5748371684551239
85 314 0.5988019754935598
85 326 0.6113378002597893
85 355 0.6319497095384068
85 373 0.5864983162974822
85 505 0.5751377321295681
85 522 0.6719175570952777
85 544 0.6017562409205273
85 576 0.6350593084337293
85 640 0.6087631821758142
85 684 0.5836236971139427
85 696 0.6224741666577938
85 739 0.5705394288506398
85 776 0.5418568362578302
85 797 0.607752464143529
85 803 0.5904410286242014
85 826 0.6056384486096559
85 828 0.5881705017884572
85 847 0.6268357264904965
85 890 0.6372087468625056
85 905 0.6031146164742338
85 942 0.6325828355428307
85 1005 0.6294649939495187
85 2239 0.22156468376279892
85 2274 0.20851441405707472
85 2344 0.22677868380553634
85 2386 0.6631149822410314
85 2613 0.24683652493541974
85 2629 0.6052077162228737
85 2630 0.5823245418704155
85 2736 0.5961913551997822
85 2775 0.5742146680276345
85 2841 0.5711535043864753
85 2890 0.5705394288506398
86 572 0.6020984103675483
87 768 0.6110482469786279
88 149 0.6546544678978387
88 302 0.5544146848685438
88 307 0.6573341901535095
88 630 0.5612623388987252
88 728 0.5405749684045797
89 36 0.6065249383658218
89 140 0.5140814544344122
89 271 0.6188743824526717
89 414 0.832470774103427
89 882 0.7232497414657155
89 922 0.5676823261670237
89 1044 0.6878760854915489
90 584 0.6178481896101986
90 788 0.6601537892879481
90 2659 0.6095476315054358
91 199 0.6038566255067437
91 222 0.6280739858341345
91 942 0.6185610590686483
91 985 0.6591878188742458
91 1018 0.6678082812703485
91 1025 0.592781800248201
91 2733 0.2822266564652615
91 2741 0.6503417051364089
91 2965 0.5780296995371932
92 605 0.5819230674707669
93 11 0.6436275082050948
93 42 0.6149772735427006
93 74 0.5944942321425222
93 75 0.6044158632228533
93 114 0.6575857806390752
93 166 0.6492102101694622
93 173 0.5903927240106794
93 257 0.5985893578134387
93 275 0.5932428655159749
93 331 0.5792877719744762
93 398 0.59265495262224
93 412 0.5903927240106794
93 432 0.5816492008547457
93 438 0.6391274781802162
93 490 0.6029977777167203
93 528 0.5714356383969982
93 529 0.5676472670449833
93 615 0.6237260573440128
93 882 0.6301303577312233
93 989 0.5697252562610053
93 990 0.6149772735427006
93 1044 0.673868920265529
94 82 0.6723718837410364
94 221 0.6115165982616866
94 316 0.6502595913457281
94 327 0.6336950908430066
94 343 0.6400185491995554
94 392 0.6146787515586767
94 444 0.625043254636586
94 587 0.641817233157395
94 987 0.7405155988332428
94 990 0.6926955791168459
94 1036 0.5550374870717338
95 33 0.670153604731535
95 71 0.6485202862620891
95 299 0.633495029171942
95 424 0.6977392650292987
95 621 0.6350114273112205
95 646 0.5943640734438705
95 720 0.6368320920839212
95 848 0.6197386096042188
95 983 0.595645695583874
95 987 0.6017510921676461
95 990 0.6809702639662579
95 1036 0.6314954087511306
95 2488 0.5847486049523153
97 43 0.7202291830454415
97 122 0.628067058422461
97 179 0.6468720299891572
97 214 0.6682428633074543
97 222 0.5987168667352494
97 326 0.5916969874637038
97 341 0.6524325466820111
97 491 0.592916604626728
97 493 0.6648919672579378
97 496 0.667460525831512
97 550 0.6577230912652337
97 727 0.6718527086649615
97 754 0.6569376706838035
97 803 0.661001204981845
97 827 0.5711654651734543
97 864 0.7134359878793647
97 877 0.6928318615028183
97 949 0.5901519716443948
97 985 0.6594845466332471
97 995 0.6255104287644202
97 997 0.6765414352062599
97 1369 0.22358370145308834
97 2591 0.5464803425635665
97 2716 0.2708034268410178
97 2742 0.657436463669629
97 2965 0.6066405322273914
100 516 0.6394991873549569
100 802 0.6395318922038409
101 2 0.6144117354927552
101 121 0.6199262138660518
101 464 0.29814239699997197
101 674 0.510718786125486
101 821 0.6165552533646295
102 349 0.3125381539589969
102 358 0.23774301068682288
102 511 0.336269122990683
102 869 0.1941450686788302
103 510 0.6086984472077069
105 116 0.7218235430295786
105 202 0.628197122695864
105 344 0.6092219927599147
105 415 0.6267021803787616
105 484 0.6922942452635208
105 504 0.646964563066665
105 650 0.5498086611820926
105 729 0.5877561594225955
105 843 0.6798571261571158
106 239 0.23312620206007845
106 780 0.53265131047386
106 856 0.5029468634914822
107 751 0.6484279222077829
108 126 0.3833333333333333
110 437 0.6652264311254033
110 450 0.5661096523243194
110 472 0.5644527418530121
110 517 0.6730541939025738
110 602 0.6686135151550785
110 754 0.6523908428701017
110 1231 0.2318625417624076
110 1351 0.18935242733246038
110 1447 0.2858309752375147
110 1523 0.26296449721851356
110 1772 0.2340071757206818
110 1802 0.1962209820503186
110 1853 0.25437350953458415
110 1882 0.23811211171689534
110 1902 0.25928148942086576
111 2589 0.23063512107853829
111 2949 0.27106965902867886
113 136 0.2038423316026921
113 213 0.22664656687978432
113 337 0.3470463341397725
113 357 0.2641777920640762
113 365 0.7904129193560911
113 430 0.32189285898270115
113 771 0.3332012939804271
113 789 0.3349794338793238
113 887 0.592176658579586
113 914 0.22021924602154666
113 2769 0.5538755566478334
114 11 0.7369203916407561
114 42 0.606081658857369
114 74 0.6968702624742323
114 75 0.5483977174994362
114 93 0.6575857806390752
114 166 0.5806909439953185
114 173 0.6575857806390752
114 257 0.664699074124139
114 275 0.6450854664524803
114 331 0.6391506701553823
114 398 0.6612777018282155
114 412 0.6037943452750834
114 432 0.6694017803496932
114 438 0.6392859214659985
114 490 0.702668142501852
114 528 0.5838431287331226
114 529 0.6166089292886965
114 615 0.6360692064934785
114 882 0.6809464960767104
114 989 0.5717428070735312
114 990 0.5963943556287173
114 1044 0.6412188451278098
115 42 0.6284645823314086
115 164 0.7134756266646755
115 174 0.6489402682462451
115 230 0.6272851110101855
115 352 0.52241159934802
115 516 0.6433127416685127
115 582 0.5926660479126107
115 707 0.6237049458038395
115 845 0.5220448845673681
115 898 0.5968892087843591
116 105 0.7218235430295786
116 484 0.6129386535760016
116 504 0.6403519914162765
118 137 0.2680100840691232
118 298 0.24024999005214906
118 525 0.2327131615133836
118 710 0.681958721886287
119 16 0.3072682754588379
121 2 0.28723404255319146
121 101 0.6199262138660518
121 464 0.6237431194196117
121 674 0.19790977371009408
121 821 0.2095733109066536
122 43 0.6797331118013988
122 97 0.628067058422461
122 179 0.6816439072727932
122 214 0.5912507965328875
122 222 0.6920168425515496
122 326 0.7335725191361491
122 341 0.9503580693037006
122 491 0.6312372034182322
122 496 0.7000579255698292
122 550 0.6413388796560113
122 727 0.7168673225127038
122 803 0.6452151296712927
122 827 0.6339522107749201
122 864 0.6493012890242902
122 877 0.6762394065477458
122 985 0.582259848867495
122 995 0.6579018573612754
122 997 0.6487906026829803
122 2591 0.584850732927069
122 2716 0.39527802697266445
122 2742 0.6312372034182322
122 2965 0.613107064717896
123 209 0.26117145003960424
123 2379 0.6381156301133631
125 792 0.5269909530212284
125 2753 0.18792369545992677
126 108 0.3833333333333333
127 177 0.6432618532057484
127 335 0.653536694835335
127 336 0.5732186886440672
127 477 0.597559773012301
127 594 0.5769788267338479
127 3011 0.5940245618868917
128 49 0.6860063880357745
128 134 0.6700763682825268
128 174 0.6752210044023406
128 369 0.6404695881687127
128 372 0.6606590448703222
128 555 0.6476619232574339
128 782 0.7104958862021753
128 2219 0.2582126614563608
128 2291 0.2696227919523265
128 2345 0.7042665101206134
128 2412 0.20199392354046658
128 2465 0.6689582399114381
128 2519 0.17972541067303258
128 3010 0.6668106945356663
129 9 0.6635275747306495
129 403 0.708139778558077
129 674 0.6119980997174175
129 821 0.6336443207887223
129 2581 0.5211474968363987
129 2619 0.18571428571428572
129 2763 0.6355531599269473
129 2786 0.5621098957278512
130 245 0.6360692064934785
130 246 0.5493132743503961
130 247 0.5662882869513726
130 359 0.5654699704623452
130 518 0.5982016017832938
130 567 0.5572570152208614
130 612 0.6817281215417291
130 634 0.6148371684551239
130 2979 0.596834987420964
131 25 0.23605330938252608
131 69 0.23572039901268038
131 76 0.265195693256912
131 85 0.269275626999326
131 141 0.22398626259716148
131 159 0.306837993795203
131 214 0.31052027115542835
131 216 0.23677825215312923
131 234 0.24052695357412454
131 248 0.28064162810004645
131 275 0.23906509060374329
131 292 0.29375522945381016
131 314 0.22885377114725872
131 330 0.2759349904759016
131 355 0.23865177295182455
131 451 0.25145999691840293
131 462 0.32012444306375776
131 505 0.27574041882838396
131 522 0.3094347715917747
131 544 0.24502772930522737
131 576 0.2967994064017808
131 606 0.25985335935189485
131 627 0.2184485341267554
131 680 0.21332045841298977
131 684 0.26100837075424377
131 695 0.2961637038376289
131 739 0.23800827732435353
131 776 0.2787267542438296
131 803 0.27933396798082955
131 825 0.24479602454484184
131 826 0.23729192272042357
131 853 0.19987511706556307
131 890 0.277572601235535
131 902 0.27155620595021046
131 905 0.25698229337000966
131 942 0.2951921702955165
131 974 0.27920539532601946
131 977 0.29718652857621347
131 1000 0.20555260314375987
131 1005 0.2596453934447493
131 1039 0.23204220867301623
131 2239 0.2711907688233412
131 2274 0.6364564842743767
131 2344 0.24287602608109313
131 2386 0.2798288434536982
131 2560 0.26379998353998074
131 2613 0.5329359208119693
131 2629 0.2481961321783366
131 2630 0.2704639515049472
131 2687 0.592588526808244
131 2736 0.2879030966095915
131 2775 0.2660070761840544
131 2794 0.5806395524040648
131 2841 0.2679783730127122
131 2890 0.24882683538455141
131 2928 0.1910112359550562
131 2976 0.6042656240705759
132 17 0.7268073734824411
132 48 0.7822232460114296
132 51 0.6264310150591618
132 356 0.7020757260590903
132 366 0.23633602008855897
132 407 0.34008375883191355
132 626 0.30089789257994803
132 722 0.6687398826776487
132 817 0.6400543027157536
133 79 0.6564251088677013
133 695 0.6401074817148742
133 831 0.7012739305724649
133 1973 0.26384044507079263
133 2328 0.31085603275802987
133 2384 0.35540546189328137
134 28 0.6018066934438897
134 52 0.628356922737261
134 58 0.236268459194465
134 66 0.2853870759731949
134 76 0.6427573120229243
134 128 0.6700763682825268
134 165 0.6389424133950954
134 168 0.23533936216582083
134 198 0.6621098957278512
134 207 0.5513435194012336
134 279 0.6317633168736808
134 287 0.2528781691270574
134 314 0.6523374859556001
134 319 0.6158129119296321
134 320 0.5855504366663273
134 372 0.6939034178138898
134 384 0.30234590038275844
134 408 0.6083425519582549
134 411 0.6083425519582549
134 422 0.7037695621414348
134 440 0.6294313202737136
134 483 0.5833923152876712
134 488 0.25555555555555554
134 513 0.5531435074781987
134 555 0.6512295935646177
134 625 0.582345762652741
134 698 0.6548750450013889
134 722 0.25627265885317474
134 892 0.6948652967514515
134 909 0.5933292995117226
134 957 0.28436839595036684
134 961 0.6883905590483976
134 965 0.22792115291927587
134 1030 0.6674899825674385
134 2043 0.5969083776356034
134 2093 0.2571478174124758
134 2247 0.2657642388106997
134 2364 0.6702883162061377
134 2385 0.6338623486559902
134 2465 0.7041893752057794
134 2489 0.6422365536569683
134 2669 0.6026363803853455
134 2779 0.5823245418704156
134 2962 0.6671920542548402
134 2971 0.23237900077244503
134 3020 0.236268459194465
135 7 0.6218674170986487
136 113 0.2038423316026921
136 213 0.5848130592887628
136 337 0.6085373829762806
136 357 0.5547931816507254
136 365 0.28028320595370165
136 430 0.597162033329241
136 771 0.660094527675136
136 789 0.6390981334374193
136 887 0.18912300541538368
136 914 0.5566035497414957
136 2769 0.29448482384566077
137 118 0.2680100840691232
137 191 0.5681219058630456
137 525 0.6191927307509595
137 710 0.2962962962962963
137 716 0.6483838903977375
137 971 0.29160592175990213
138 225 0.6043474927273789
138 364 0.6414800401255227
138 671 0.5840595615947373
138 862 0.6227516294363418
138 931 0.6480721753504914
138 932 0.5579281482222499
138 1043 0.27888667551135854
138 2614 0.2241053642501988
138 2628 0.3239757976459314
138 2673 0.24631741494982246
139 21 0.6608593985960316
139 636 0.5774267502496409
139 775 0.5681561919938338
139 805 0.6126320945971355
139 812 0.5846426243073777
139 921 0.5790700544014278
139 1006 0.6024418991010629
139 1013 0.6332206982043352
140 36 0.6257368028323866
140 89 0.5140814544344122
140 271 0.5951157886874116
140 351 0.5314011601599469
140 354 0.5602545771219819
140 414 0.5563073674640403
140 495 0.5216533478943922
140 506 0.549184267469949
140 509 0.1569188472540014
140 723 0.5767620813225983
140 798 0.5109273497202487
140 922 0.5822729981078206
140 990 0.5027504244184184
141 25 0.6616198191678482
141 31 0.690637883093437
141 76 0.6398343091203332
141 85 0.5890014523427983
141 131 0.22398626259716148
141 142 0.6899646983708873
141 159 0.6274593288792334
141 214 0.6639113661050317
141 234 0.6254342151981829
141 248 0.6888119577564839
141 275 0.6283772376318615
141 292 0.6500008804758401
141 314 0.636744086141249
141 355 0.6274593288792334
141 391 0.6707541822177818
141 459 0.6721647768253112
141 505 0.6173128391191771
141 522 0.6377552314386619
141 544 0.6268496987161682
141 576 0.6606040037956047
141 578 0.6514418449347263
141 684 0.5877677680450002
141 739 0.6493494236318194
141 776 0.6084455976673672
141 803 0.6225409590898046
141 826 0.7008770581470343
141 890 0.6422453912307159
141 905 0.672805263338813
141 942 0.6163530574874623
141 966 0.6521510404677693
141 1005 0.6403633591981994
141 2239 0.25341223132516877
141 2274 0.24378581695374243
141 2344 0.24016267404343125
141 2386 0.6119655283662278
141 2613 0.24764616551657787
141 2629 0.6514332837709949
141 2630 0.5864469725964803
141 2736 0.6138301472581307
141 2841 0.599821752100496
141 2890 0.5415166504283808
142 25 0.6675124464136721
142 31 0.6888215758715454
142 141 0.6899646983708873
142 269 0.6048911846605258
142 277 0.5775171169942835
142 391 0.6686860988999181
142 428 0.6554976613952477
142 459 0.6948327140464251
142 553 0.6404189238440015
142 556 0.6165280854119254
142 578 0.6644762533782944
142 826 0.6768585268900446
142 966 0.6846486152988953
142 1012 0.6150854654185001
142 1053 0.6941280448295162
143 26 0.6714327965270526
143 232 0.5914083487006909
143 387 0.6202939735643183
143 744 0.5084827098756081
